creating an lstm...	
missing seed text, using uniform probability over first character	
--------------------------	
8712, 85, 654 63, N, 66, 0
43574, C, 64, 172673, N, 54, 0936053, 9, 50, 2566C, N, 13, 24482, N0 54, 01576, N, 44, 685240, N, 46, 0
2791, N, 14, 5839, N, 61, 74
24486, N, 76, 0, 42, N5 46, 6
,10, N, 58, 63
218, N, 54, 51328, C, 04, 43242
9N, N, 44, 90952, N, 56, 0
3982N, 6, 38, 5, 02, 9, 50, 72
37, N, 77, 19331, N, 64, 3
5541, N, 64, 05, 52, N, 75, 0

4154, N, 24, 710888 7, N, 51, 00269, N, 67, 6
940, N,,68, 9
0546C  N, 61, 62
48, N, 71, 09221948, N, 64, 0
11, C, 58, 10,8C, N, 14,131 01, N, 57, 50, C, 68, N0, C3 92, N, N0, 1, N, 55, 64, 24
93, N, 64, 52
792 N, N, 66,,78, 68218, C, 009858, C, 63
 6, C, 52, 20, 61,5C, 41, 82
84, N, 54, 12797, 4, 74, N
29, N, 65, 11,35, C, 40, 94, C, 61, 30, C, 74, 36, 0, 70, 7, 40, 0, 61, 0, 65, 63, N7  1, 65, 04, N, 40, N, 67, 3, 53, C, 10, 38 34, N, 04, 17931, N, 69, 44444, 4, 54, 7432144, 9, 48, 40691431, N3 46, 43, 0, 72, 6

8, N, 68, 18542, 7, 77, 41
90784, N,  2 
5
0697, N, 68, 60, N, C, 6N, 61, 21970, N, 65, 0
40695, C, 69, 73
46,1N, 40
391825, N, 41, 85
7943N, C, 74, 27, N, 57, 355234, N, 4N, 7, 35, C, 74, 89458, N, 40,  5
50, N, 96, 96, N  66, 8, 44, 5
, N, 63, 0
39, N, 58, 7
, 95, N, 58, C, 98, N, 70, 6, 77, N, 6,  4, 9, 69, 53 34, N, 64  055
6, N, 60, 35, 7, 66, 61,49
61, N, 8N, N0214, 8, 54, 61, 0, 30, 77, 13, 89, 5, 0121C, N, 47, 80, 65,91, 69, 9
, 3, N1, 0,081252, N, N5, 85101
,0N, 64, 73, C, 47, 11
43, N, 54, 4, 23, C, 64, 59
27, N, 63, 0
286, N,,45, 6415258, N, 60, 4, 04, N, 30, 03, N4, 0, 61, 03,1C, N4  4, 58, N,  5, 1318691N, C, 50, 61, N, 67, 87, 0,,68, 80, 045 2, 16, N, 78, 48, 1,, 8, 73
 3, N, 69
49, N, 11, 62, 4, 69, 4, 73, 7
, N, 62, N4, 9
, 61 4N, 7, 22, N, 60, 67,44, 77, 7
,7N, N4 31, 8
,81
 79, N, 54, 58887, N, 49, 155288 38, N, 54, 96, N, 57, 54, 4, 88, 04, 5, 8 , N, 40, 82, N, N4
 94099, N, N6, 50611, 6, 68, 6
,6N, C, 19, 65, 60 66, N, 74, 14, N, 62, 4,
64, N, 24, 00913, N, 53
30, N, 68  03557N, N, 58, 24, N, 13, 95, N, 61, 0, 63
6N, N, 51, 46, 9, 94, 5, 59, 0, 01, N, 45, 0, 45, 9, 4C,10, 2, 63, 87, 74,  
, 
