creating an lstm...	
missing seed text, using uniform probability over first character	
--------------------------	
871202574, N, 65, 120
5342, N, 62, 024347163, N, 54, 0
12967, N, 45, 0
73796, N, 61, 123,60
24924, N, 78, 33

2346, N, 56, 85
44810, N, 45, 02616959, N, 62, 76
24795, N, 77, 0
23466, 3, 60, 68
23823, N, 61, 82
41834, N, 58, 0, 02
46654, N, 74, 00
29394, N, 54, 80
49839, C, 48, 30
02891, N, 67, 16
33188, N, 64, 64, 62
13076, C, 67, 08
51636, N, 76, 0
04173, N, 45, 72
678, N, 65, 04
3778, N, 67, 60020006494, N, 57, 90
51533, N, 68, 0355163, N, 76, 02225525, N, 53, 07
03339, N,  1, 93
10145, N, 48, 00
43490, N, 79, 0
33069, N, 49, 02
36722, 44, 64
45422, C, 60, 177
57297, N, 84, 62
70199, C, 47, 0250060, N, 54, 45
85360, N, 39, 
961355 4, N, 40, 82
59059, N, 66, 0
28447, N, 84, 0
48351, N, 77, 63433826, N, 51, 42
36276, N, 66, 022570896, C, 74, 72
57820, N, 67, 0
3448, C, 45, 90
22847, N, 58, 0
19534, C, 74, 50
03359, N, 67, 08128324, N, 64, 89
36763, C, 56, 14

90154, N, 59, 0

1968, C, 49, 82
3669, C, 33, 82
33668, N, 57, 70
49226, N, N9, 64
27622, N, 76, 0
34931, C, 49, ,
1
59380, N, 63, 0740798, N, 79, 87
52992, N, 57, 17, 55
29808, N, 54, 74

8986, N, 53, 4
,
60
1661N, N4, 68
25780, C, 76, 0671360, N, 80, 0217167, C, 54, 81528941, N, 74, 95
28874, N, 30, 67
26594, N, 66, 65
30407, N, 68, 0273722, C, 63, 097
91, N, 79, 93
15290, N, 66, 0
44124, N, 56, 49
43210, N, 68, 0443824, N,, 6, 88171410, N, 62, 81
42669, N, 68, 0

29852, N, 64, 63
52034, N, 82, 17

2434, N, 55, 69
27658, N, 63, 86
57193, C, 65, 90
6764, N, 40, 77
51046, N, 89, 00
27627, N, 77, 41
38896, 6, 64, 85458171, N, 56, 77
15886, N, 69, 95
25518, C, 39, C0
58813, N, 82, 87
01304, N,  8, 0282020, N, 51, 92
34383, N, 78, 41
2984, 6, 59, 97
34623, N, 50, 58
84376, N, 59, 087343254, N, 47, 154
33645, N, 47, 08
33781, C, 64, 82
45886, N, 74, 60
20888, C, 34, 80
29632, N, 66, 092
58649, C, 69, 45
61118, C, 74, 0882826, N, 67, 16
43216, N, 74, 89

4253, 7, 74, 0
24202514, N, 53, 0
25894, N, 66, 71
43587, N, 84, 0
18854, N, 74, 151
68348, N, 55, 63
39516, N, 60, 10
53884, N, 54, 62
163996 6, 54, 0737276, N, 58
