creating an lstm...	
missing seed text, using uniform probability over first character	
--------------------------	
870, 65
44479, N, 44, 63
20646, N, 35, 0
28567, N, 63, 0
85717, N, 44, 84
56955, N, 45, 88
14492, N, 58, 0
33033, N, 45, 0
55365, C, 64, 121
38268, C, 64, 107
13468, N, 78, 0
23446, N, 67, 0
51347, N, 37, 0
53461, N, 63, 63
24803, N, 53
8968, N, 62, 95
45573, N, 467829, C, 64, 110
27936, C, 64, 3
54277, N, 63, 117
44424, N, 38, 74
29071, N, 68, 187
10417, N, 51, 0
34988, N, 65, 0
24668, N, 67, 108
10066369, N, 65, 0
52534, N, 57, 0
57254, N, 86, 0
33543, C, 64, 62
30434, N, 50
37943, N, 84, 60
42346, N, 69, 167
52044, N, 63, 90
25346, N, 195
35165, N, 38, 0
24780, N, 78, 98
48644, C4658081, N, 57, 10

28544, N, 85, 0
14840, N
47524, N, 87, 0
38458, N, 65, 127
23394, N, 4144962, N, 43, 0
57877, N, 47, 0
23156, C, 64, 123
45563, N, 89, 0
44742, N, 77, 0
65657, N, 54, 30
10534, N, 73, 0
42389, N, 53, 0
36844, C, 64, 55
32572, N, 73, 0
61763, N, 56, 0
20143, C, 64, 0
48484, N, 41
18585, N, 91, 0
3559, C, 54, 82
34558, N, 57, 61
49237, N, 98
8650, N, 41, 68
30235, N, 61, 04
6022, N, 58, 135
24187, N, 94, 68
38748, N, 47, 0
63475, N, 97, 0
35143, N, 384868, N, 41, 0
16020, N, 83, 0
50257, N, 45, 0
27823, N, 46, 87
33815, N, 72, 0
28389, N, 67, 71
46277, N, 37, 0
47726, N, 61, 115
45404, N, 49, 0
15947, N, 66, 110
50811, N, 91, 0
14391, N, 66, 0
44235, N, 47, 05353210, N, 68, 0
54834, N, 46, 98
61422, N, 51, 82
43559, N, 58, 0

29757, N, 63, 110
2134, N, 81, 0
15243, N, 74, 76, 0
45859, N, 33, 0
41945, N, 62, 0
56540, N, 35, 77
10362, N, 82, 0
26537, N, 77, 0
35879, N, 57, 176
58273, N, 46, 77
15786, N, 69, 96
35517, N, 39, C
37770, N, 49, 0
54013, N, 79
69102, C, 64, 110
49464, N, 55
38891, N, 74, 0
24824, C, 64, 0
53414, N, 53, 60
40498, N, 53, 10
820278, N, 54, 178
42360, N, 57, 68
39558, N, 68, 0
36483, N, 41, 76
18504, N, 49, 0
34757, N, 50, 54
53143, N, 63, 0
50816, N, 49, 73
21910, N, 61, 0
41685, N, 89, 0
33420, N, 44, 0
13924, N, 53
50035, N, 71, 159
23645, N, 56, 0
31287, N, 62, 0
36408, N, 55, 0
53645, N, 52, 85
12502, N, 56, 0
24663, N, 89, 0
15531, N, 67, 0
28
