326, C, 91, 80
343, N, 82, 67
409, C, 64, 32
422, C, 64, 117
434, C, 64, 127
463, N, 84, 78
542, N, 85, 70
545, N, 84, 0
565, N, 82, 0
611, N, 81, 68
613, N, 85, 0
679, N, 82, 62
685, N, 81, 0
765, N, 78, 50
772, N, 82, 0
833, N, 46, 43
844, N, 78, 0
845, C, 64, 109
852, N, 77, 52
857, C, 64, 13
870, C, 64, 0
883, C, 64, 73
896, C, 64, 127
911, N, 46, 0
947, N, 53, 45
968, N, 77, 0
991, N, 53, 0
1030, N, 61, 43
1030, N, 77, 85
1057, N, 61, 0
1098, N, 58, 50
1102, N, 77, 0
1167, N, 77, 83
1167, N, 65, 49
1185, N, 65, 0
1191, N, 58, 0
1245, N, 53, 46
1255, N, 77, 0
1256, N, 53, 0
1326, N, 77, 74
1328, N, 46, 51
1331, C, 64, 37
1344, C, 64, 0
1357, C, 64, 32
1370, C, 64, 127
1391, N, 46, 0
1427, N, 53, 45
1445, N, 53, 0
1491, N, 77, 0
1500, N, 63, 43
1500, N, 78, 53
1532, N, 63, 0
1568, N, 77, 72
1573, N, 57, 51
1576, N, 78, 0
1616, N, 57, 0
1618, N, 77, 0
1634, N, 65, 53
1634, N, 75, 73
1651, N, 65, 0
1689, N, 75, 0
1694, N, 72, 66
1695, N, 53, 42
1707, N, 53, 0
1742, N, 72, 0
1754, C, 64, 84
1755, N, 73, 70
1762, N, 46, 49
1767, C, 64, 0
1780, C, 64, 9
1793, C, 64, 125
1797, N, 46, 0
1806, C, 64, 127
1821, N, 73, 0
1834, N, 53, 51
1886, N, 53, 0
1906, N, 61, 43
1937, N, 61, 0
1975, N, 58, 49
2058, N, 70, 70
2064, N, 65, 40
2075, N, 70, 0
2077, N, 65, 0
2083, N, 58, 0
2144, N, 53, 51
2157, N, 53, 0
2228, N, 46, 59
2228, C, 64, 60
2236, N, 82, 63
2241, C, 64, 0
2280, C, 64, 109
2292, C, 64, 127
2310, N, 84, 66
2314, N, 46, 0
2327, N, 53, 49
2367, N, 85, 88
2372, N, 84, 0
2381, N, 53, 0
2382, N, 82, 0
2399, N, 61, 50
2406, N, 81, 83
2410, N, 85, 0
2431, N, 61, 0
2438, N, 82, 75
2442, N, 81, 0
2454, N, 58, 58
2470, N, 81, 64
2472, N, 82, 0
2506, N, 81, 0
2507, N, 80, 73
2513, N, 65, 45
2539, N, 65, 0
2546, N, 80, 0
2546, N, 81, 61
2550, N, 58, 0
2581, N, 81, 0
2584, N, 84, 63
2601, N, 53, 51
2628, N, 82, 73
2632, N, 84, 0
2634, N, 53, 0
2667, N, 78, 70
2671, N, 82, 0
2694, N, 46, 60
2702, C, 64, 49
2703, N, 78, 0
2706, N, 77, 88
2715, C, 64, 26
2728, C, 64, 124
2732, N, 46, 0
2739, N, 78, 70
2742, C, 64, 127
2744, N, 77, 0
2766, N, 53, 55
2771, N, 77, 64
2773, N, 78, 0
2793, N, 76, 78
2796, N, 77, 0
2815, N, 77, 70
2816, N, 53, 0
2821, N, 76, 0
2826, N, 61, 54
2846, N, 77, 0
2855, N, 82, 73
2858, N, 61, 0
2883, N, 58, 54
2888, N, 81, 83
2890, N, 82, 0
2916, N, 81, 0
2916, N, 80, 80
2936, N, 65, 55
2943, N, 80, 0
2945, N, 79, 78
2956, N, 65, 0
2959, N, 58, 0
2967, N, 79, 0
2967, N, 78, 80
2982, N, 53, 81
2989, N, 77, 83
2990, N, 78, 0
3002, N, 53, 0
3008, N, 76, 88
3011, N, 77, 0
3032, N, 75, 90
3033, N, 76, 0
3037, N, 46, 90
3062, N, 46, 0
3062, N, 75, 0
3065, N, 74, 88
3088, N, 73, 82
3091, N, 74, 0
3100, N, 53, 82
3117, N, 73, 0
3119, N, 72, 80
3142, N, 73, 65
3148, N, 72, 0
3156, N, 53, 0
3170, N, 63, 57
3172, N, 73, 0
3175, N, 72, 68
3200, N, 63, 0
3205, N, 72, 0
3206, N, 71, 70
3231, N, 57, 53
3250, N, 71, 0
3253, N, 72, 70
3296, N, 72, 0
3301, N, 65, 52
3306, N, 77, 76
3322, N, 57, 0
3331, N, 65, 0
3359, N, 76, 70
3374, N, 77, 0
3394, N, 53, 61
3415, N, 53, 0
3415, N, 75, 80
3417, N, 76, 0
3470, N, 75, 0
3470, C, 64, 123
3476, N, 73, 75
3478, N, 46, 53
3493, C, 64, 0
3518, C, 64, 48
3532, C, 64, 127
3563, N, 46, 0
3582, N, 73, 0
3586, N, 53, 52
3633, N, 53, 0
3659, N, 61, 48
3684, N, 61, 0
3721, N, 58, 49
3788, N, 65, 45
3788, N, 70, 88
3803, N, 70, 0
3805, N, 65, 0
3816, N, 58, 0
3861, N, 53, 50
3873, N, 53, 0
3938, C, 64, 65
3939, N, 46, 59
3943, N, 82, 80
3962, C, 64, 0
3974, C, 64, 16
3987, C, 64, 126
3999, C, 64, 127
4020, N, 46, 0
4031, N, 53, 56
4039, N, 82, 0
4082, N, 53, 0
4104, N, 82, 88
4104, N, 61, 51
4137, N, 61, 0
4154, N, 82, 0
4168, N, 58, 57
4228, N, 82, 94
4230, N, 65, 57
4246, N, 65, 0
4258, N, 58, 0
4296, N, 53, 68
4307, N, 53, 0
4326, N, 82, 0
4398, C, 64, 63
4400, N, 37, 63
4402, N, 80, 91
4410, C, 64, 0
4422, C, 64, 35
4430, N, 37, 0
4435, C, 64, 127
4499, N, 53, 49
4553, N, 53, 0
4571, N, 61, 62
4599, N, 61, 0
4628, N, 56, 60
4632, N, 80, 0
4691, N, 65, 60
4714, N, 65, 0
4719, N, 56, 0
4748, N, 53, 68
4761, N, 53, 0
4820, N, 42, 62
4820, C, 64, 101
4824, N, 73, 91
4833, C, 64, 5
4846, C, 64, 0
4858, C, 64, 67
4871, C, 64, 127
4879, N, 42, 0
4896, N, 49, 48
4950, N, 73, 0
4962, N, 49, 0
4971, N, 58, 50
4971, N, 70, 78
5006, N, 58, 0
5020, N, 70, 0
5027, N, 54, 65
5029, N, 72, 78
5078, N, 73, 107
5081, N, 72, 0
5081, N, 61, 67
5098, N, 61, 0
5099, N, 54, 0
5100, N, 73, 0
5131, N, 49, 73
5138, N, 78, 97
5145, N, 49, 0
5197, N, 78, 0
5200, N, 37, 70
5201, N, 77, 88
5206, C, 64, 66
5217, C, 64, 0
5230, C, 64, 3
5235, N, 37, 0
5242, C, 64, 109
5255, C, 64, 127
5275, N, 49, 59
5332, N, 49, 0
5345, N, 56, 51
5352, N, 77, 0
5376, N, 56, 0
5408, N, 53, 57
5469, N, 61, 62
5483, N, 53, 0
5496, N, 61, 0
5531, N, 49, 67
5546, N, 49, 0
5601, N, 42, 70
5610, N, 75, 91
5615, C, 64, 92
5628, C, 64, 2
5640, C, 64, 0
5652, C, 64, 4
5664, C, 64, 111
5678, C, 64, 127
5681, N, 42, 0
5690, N, 49, 54
5742, N, 49, 0
5758, N, 57, 48
5762, N, 77, 83
5769, N, 75, 0
5792, N, 57, 0
5816, N, 54, 59
5819, N, 75, 91
5832, N, 77, 0
5874, N, 63, 68
5874, N, 73, 100
5884, N, 54, 0
5888, N, 63, 0
5890, N, 75, 0
5923, N, 73, 0
5936, N, 49, 73
5939, N, 69, 80
5956, N, 49, 0
6011, N, 69, 0
6020, N, 37, 80
6023, N, 68, 78
6026, C, 64, 65
6037, C, 64, 0
6050, C, 64, 8
6054, N, 37, 0
6062, C, 64, 114
6075, C, 64, 127
6108, N, 49, 62
6141, N, 68, 0
6146, N, 49, 0
6178, N, 56, 46
6211, N, 56, 0
6243, N, 53, 52
6312, N, 61, 62
6315, N, 73, 83
6317, N, 53, 0
6337, N, 61, 0
6386, N, 49, 61
6397, N, 49, 0
6422, N, 73, 0
6471, N, 42, 58
6474, N, 75, 78
6478, C, 64, 67
6487, C, 64, 0
6513, C, 64, 35
6525, C, 64, 127
6537, N, 42, 0
6553, N, 49, 47
6602, N, 49, 0
6626, N, 77, 78
6626, N, 57, 39
6630, N, 75, 0
6660, N, 57, 0
6698, N, 75, 86
6701, N, 54, 47
6710, N, 77, 0
6768, N, 54, 0
6768, N, 63, 60
6775, N, 73, 86
6782, N, 75, 0
6784, N, 63, 0
6854, N, 48, 58
6856, N, 75, 80
6858, N, 73, 0
6873, N, 48, 0
6950, N, 41, 58
6952, N, 77, 83
6955, N, 75, 0
6956, C, 64, 51
6968, C, 64, 0
6981, C, 64, 22
6994, C, 64, 127
7047, N, 41, 0
7047, N, 48, 55
7107, N, 48, 0
7125, N, 57, 52
7166, N, 57, 0
7188, N, 53, 49
7205, N, 53, 0
7272, N, 63, 55
7296, N, 77, 0
7302, N, 63, 0
7372, N, 57, 50
7384, N, 57, 0
7480, C, 64, 126
7485, N, 46, 47
7488, N, 82, 73
7493, C, 64, 29
7506, C, 64, 0
7519, C, 64, 25
7531, C, 64, 127
7574, N, 46, 0
7608, N, 84, 80
7611, N, 53, 54
7675, N, 53, 0
7688, N, 85, 88
7690, N, 84, 0
7695, N, 61, 56
7721, N, 82, 0
7729, N, 61, 0
7754, N, 85, 0
7759, N, 81, 85
7761, N, 58, 57
7809, N, 81, 0
7825, N, 84, 74
7831, N, 65, 54
7844, N, 82, 94
7850, N, 65, 0
7858, N, 58, 0
7858, N, 84, 0
7938, N, 53, 42
7940, N, 78, 86
7945, N, 82, 0
7956, N, 53, 0
8043, N, 46, 47
8046, C, 64, 79
8048, N, 77, 64
8049, N, 78, 0
8057, C, 64, 0
8083, C, 64, 89
8096, C, 64, 127
8119, N, 46, 0
8136, N, 53, 48
8156, N, 77, 0
8184, N, 53, 0
8210, N, 77, 88
8214, N, 61, 50
8247, N, 61, 0
8280, N, 58, 54
8282, N, 77, 0
8344, N, 77, 93
8347, N, 65, 54
8361, N, 65, 0
8376, N, 58, 0
8410, N, 53, 54
8422, N, 53, 0
8425, N, 77, 0
8479, C, 64, 110
8483, N, 46, 52
8486, N, 77, 83
8492, C, 64, 7
8506, C, 64, 0
8517, C, 64, 79
8530, C, 64, 127
8542, N, 46, 0
8570, N, 53, 43
8601, N, 53, 0
8653, N, 78, 78
8654, N, 63, 46
8661, N, 77, 0
8688, N, 63, 0
8727, N, 77, 88
8733, N, 57, 46
8738, N, 78, 0
8777, N, 77, 0
8788, N, 75, 78
8789, N, 65, 59
8806, N, 57, 0
8808, N, 65, 0
8843, N, 53, 59
8845, N, 75, 0
8845, N, 72, 74
8855, N, 53, 0
8902, C, 64, 97
8907, N, 46, 65
8913, N, 72, 0
8913, N, 73, 83
8917, C, 64, 2
8927, C, 64, 0
8941, C, 64, 58
8954, C, 64, 127
8956, N, 46, 0
8989, N, 53, 57
8996, N, 73, 0
9041, N, 53, 0
9060, N, 61, 50
9090, N, 61, 0
9122, N, 58, 52
9210, N, 65, 52
9211, N, 70, 80
9229, N, 70, 0
9229, N, 65, 0
9233, N, 58, 0
9295, N, 53, 58
9307, N, 53, 0
9370, C, 64, 117
9376, N, 46, 63
9379, N, 82, 86
9386, C, 64, 11
9396, C, 64, 0
9408, C, 64, 4
9421, C, 64, 117
9434, C, 64, 127
9443, N, 84, 80
9447, N, 46, 0
9482, N, 53, 56
9506, N, 85, 86
9512, N, 84, 0
9530, N, 82, 0
9536, N, 53, 0
9543, N, 81, 88
9549, N, 61, 55
9550, N, 85, 0
9578, N, 82, 78
9580, N, 81, 0
9582, N, 61, 0
9602, N, 58, 56
9611, N, 81, 72
9612, N, 82, 0
9645, N, 81, 0
9645, N, 80, 83
9665, N, 65, 50
9682, N, 80, 0
9683, N, 81, 76
9690, N, 65, 0
9697, N, 58, 0
9724, N, 81, 0
9726, N, 84, 74
9755, N, 53, 53
9776, N, 82, 75
9790, N, 53, 0
9790, N, 84, 0
9827, N, 78, 68
9836, N, 82, 0
9863, C, 64, 119
9875, C, 64, 19
9889, C, 64, 0
9893, N, 46, 57
9898, N, 77, 85
9901, C, 64, 91
9904, N, 78, 0
9914, C, 64, 127
9918, N, 77, 0
9973, N, 101, 66
9977, N, 46, 0
10011, N, 53, 61
10041, N, 100, 98
10048, N, 101, 0
10078, N, 53, 0
10090, N, 99, 94
10092, N, 61, 58
10096, N, 100, 0
10126, N, 61, 0
10132, N, 97, 86
10142, N, 99, 0
10151, N, 58, 61
10169, N, 96, 83
10173, N, 97, 0
10207, N, 96, 0
10207, N, 65, 61
10208, N, 94, 94
10230, N, 65, 0
10237, N, 58, 0
10246, N, 90, 83
10260, N, 94, 0
10261, N, 53, 70
10284, N, 53, 0
10287, N, 90, 0
10287, N, 89, 98
10322, N, 46, 75
10329, N, 89, 0
10329, N, 88, 72
10359, N, 46, 0
10366, N, 88, 0
10369, N, 87, 86
10394, N, 53, 54
10410, N, 85, 88
10418, N, 87, 0
10451, N, 53, 0
10452, N, 84, 90
10454, N, 85, 0
10462, N, 63, 62
10482, N, 84, 0
10492, N, 63, 0
10499, N, 82, 86
10524, N, 57, 58
10546, N, 81, 90
10548, N, 82, 0
10581, N, 81, 0
10591, N, 65, 60
10596, N, 78, 83
10616, N, 57, 0
10618, N, 65, 0
10643, N, 78, 0
10644, N, 77, 83
10666, N, 77, 0
10675, N, 53, 72
10697, N, 53, 0
10697, N, 72, 78
10739, N, 72, 0
10761, N, 46, 62
10764, N, 73, 67
10769, C, 64, 98
10780, C, 64, 3
10793, C, 64, 0
10806, C, 64, 12
10817, C, 64, 120
10830, C, 64, 127
10843, N, 46, 0
10851, N, 53, 52
10862, N, 73, 0
10904, N, 53, 0
10928, N, 61, 49
10956, N, 61, 0
10991, N, 58, 53
11078, N, 70, 86
11079, N, 65, 48
11094, N, 70, 0
11096, N, 65, 0
11100, N, 58, 0
11158, N, 53, 53
11169, N, 53, 0
11239, N, 46, 46
11240, C, 64, 108
11242, N, 82, 86
11253, C, 64, 1
11265, C, 64, 0
11291, C, 64, 91
11304, C, 64, 127
11322, N, 46, 0
11336, N, 53, 55
11357, N, 82, 0
11395, N, 53, 0
11415, N, 82, 88
11417, N, 61, 56
11448, N, 61, 0
11475, N, 82, 0
11482, N, 58, 58
11544, N, 82, 91
11544, N, 65, 52
11559, N, 65, 0
11568, N, 58, 0
11606, N, 53, 58
11617, N, 53, 0
11623, N, 82, 0
11675, N, 46, 73
11677, C, 64, 96
11677, N, 82, 86
11689, C, 64, 2
11702, C, 64, 14
11714, C, 64, 120
11717, N, 46, 0
11727, C, 64, 127
11746, N, 53, 70
11773, N, 53, 0
11818, N, 62, 64
11851, N, 62, 0
11883, N, 58, 67
11912, N, 58, 0
11959, N, 82, 0
11959, N, 68, 68
11959, N, 74, 98
11982, N, 74, 0
11986, N, 68, 0
12034, N, 58, 63
12045, N, 58, 0
12107, N, 77, 86
12112, C, 64, 73
12112, N, 51, 65
12123, N, 75, 82
12128, C, 64, 18
12130, N, 77, 0
12140, C, 64, 118
12145, N, 75, 0
12146, N, 77, 88
12153, C, 64, 127
12163, N, 75, 85
12166, N, 77, 0
12181, N, 54, 56
12184, N, 75, 0
12185, N, 77, 78
12197, N, 75, 88
12198, N, 77, 0
12206, N, 51, 0
12216, N, 77, 107
12224, N, 75, 0
12232, N, 75, 65
12239, N, 77, 0
12243, N, 75, 0
12250, N, 63, 86
12251, N, 74, 94
12253, N, 54, 0
12297, N, 63, 0
12301, N, 74, 0
12321, N, 58, 80
12321, N, 75, 97
12376, N, 58, 0
12396, N, 75, 0
12398, N, 78, 107
12400, N, 66, 75
12436, N, 66, 0
12460, N, 78, 0
12487, N, 63, 83
12496, N, 63, 0
12539, N, 77, 95
12569, N, 77, 0
12582, C, 64, 126
12589, N, 48, 56
12592, N, 77, 74
12602, C, 64, 23
12614, C, 64, 0
12627, C, 64, 52
12640, C, 64, 127
12669, N, 48, 0
12670, N, 55, 58
12718, N, 55, 0
12732, N, 64, 70
12766, N, 64, 0
12796, N, 60, 56
12819, N, 60, 0
12862, N, 76, 93
12868, N, 70, 63
12870, N, 77, 0
12874, N, 76, 0
12896, N, 70, 0
12940, N, 64, 74
12953, N, 64, 0
13002, C, 64, 121
13009, N, 53, 61
13015, C, 64, 21
13022, N, 77, 74
13028, C, 64, 2
13040, C, 64, 101
13047, N, 77, 0
13049, N, 78, 86
13053, C, 64, 127
13067, N, 77, 88
13077, N, 78, 0
13088, N, 60, 61
13095, N, 76, 90
13101, N, 53, 0
13104, N, 77, 0
13111, N, 60, 0
13172, N, 69, 78
13208, N, 69, 0
13216, N, 77, 93
13226, N, 76, 0
13244, N, 63, 78
13260, N, 77, 0
13270, N, 79, 85
13315, N, 79, 0
13315, N, 81, 98
13317, N, 72, 60
13347, N, 72, 0
13347, N, 63, 0
13362, N, 82, 100
13384, N, 81, 0
13392, N, 65, 85
13413, N, 84, 101
13414, N, 65, 0
13468, N, 84, 0
13476, C, 64, 102
13477, N, 82, 0
13477, N, 46, 83
13478, N, 85, 111
13492, C, 64, 0
13518, C, 64, 103
13530, C, 64, 127
13550, N, 46, 0
13566, N, 53, 48
13583, N, 85, 0
13617, N, 53, 0
13634, N, 61, 65
13664, N, 61, 0
13692, N, 58, 63
13753, N, 58, 0
13754, N, 51, 73
13758, N, 82, 94
13762, C, 64, 85
13774, C, 64, 1
13786, C, 64, 27
13794, N, 51, 0
13799, C, 64, 127
13807, N, 78, 83
13822, N, 82, 0
13830, N, 66, 80
13836, N, 78, 0
13848, N, 66, 0
13854, N, 70, 86
13896, N, 70, 0
13914, C, 64, 107
13914, N, 41, 83
13918, N, 73, 91
13927, C, 64, 4
13940, C, 64, 0
13952, C, 64, 5
13965, C, 64, 117
13979, C, 64, 127
14006, N, 41, 0
14009, N, 53, 54
14046, N, 53, 0
14076, N, 58, 50
14148, N, 58, 0
14148, N, 65, 57
14174, N, 65, 0
14224, N, 63, 67
14234, N, 73, 0
14235, C, 64, 101
14235, N, 72, 72
14248, C, 64, 3
14260, C, 64, 0
14273, C, 64, 8
14286, C, 64, 122
14299, C, 64, 127
14322, N, 63, 0
14334, N, 57, 45
14354, N, 57, 0
14370, N, 72, 0
14380, N, 70, 88
14403, N, 70, 0
14446, N, 46, 61
14478, C, 64, 54
14490, C, 64, 0
14503, N, 89, 76
14504, C, 64, 45
14517, C, 64, 127
14533, N, 89, 0
14539, N, 46, 0
14543, N, 53, 63
14603, N, 53, 0
14614, N, 61, 67
14642, N, 61, 0
14673, N, 58, 70
14675, N, 85, 94
14731, N, 58, 0
14742, N, 51, 75
14743, N, 82, 80
14747, C, 64, 78
14760, C, 64, 0
14773, C, 64, 24
14778, N, 51, 0
14786, C, 64, 127
14789, N, 78, 91
14796, N, 85, 0
14802, N, 82, 0
14816, N, 78, 0
14819, N, 66, 75
14832, N, 66, 0
14843, N, 70, 80
14883, N, 70, 0
14902, N, 73, 88
14903, N, 41, 61
14913, C, 64, 33
14926, C, 64, 0
14940, C, 64, 5
14951, C, 64, 120
14964, C, 64, 127
14988, N, 41, 0
14989, N, 53, 53
15032, N, 53, 0
15061, N, 58, 39
15136, N, 65, 52
15138, N, 58, 0
15167, N, 65, 0
15221, N, 63, 58
15232, N, 73, 0
15233, N, 72, 68
15260, C, 64, 53
15272, C, 64, 0
15285, C, 64, 42
15298, C, 64, 127
15311, N, 63, 0
15331, N, 57, 64
15357, N, 57, 0
15370, N, 72, 0
15380, N, 70, 91
15406, N, 70, 0
15454, N, 42, 63
15478, C, 64, 96
15490, C, 64, 5
15503, C, 64, 63
15516, C, 64, 127
15516, N, 97, 107
15553, N, 97, 0
15554, N, 42, 0
15558, N, 49, 58
15631, N, 49, 0
15654, N, 94, 104
15656, N, 54, 63
15720, N, 54, 0
15722, N, 90, 91
15738, N, 94, 0
15756, N, 58, 58
15758, N, 90, 0
15782, N, 85, 104
15803, N, 85, 0
15837, N, 58, 0
15843, N, 64, 59
15846, N, 82, 91
15862, N, 64, 0
15892, N, 78, 88
15899, N, 82, 0
15907, N, 54, 59
15912, N, 78, 0
15920, N, 54, 0
15943, N, 70, 78
15969, N, 70, 0
16000, N, 51, 58
16002, N, 71, 80
16020, C, 64, 92
16032, C, 64, 2
16045, C, 64, 4
16057, C, 64, 110
16070, C, 64, 127
16080, N, 54, 48
16089, N, 71, 0
16123, N, 51, 0
16138, N, 54, 0
16150, N, 59, 54
16181, N, 59, 0
16224, N, 63, 57
16258, N, 63, 0
16304, N, 53, 47
16308, N, 69, 68
16314, C, 64, 47
16326, C, 64, 0
16339, C, 64, 8
16352, C, 64, 117
16364, C, 64, 127
16390, N, 63, 60
16391, N, 53, 0
16400, N, 63, 0
16424, N, 69, 0
16480, C, 64, 115
16489, N, 46, 55
16493, N, 70, 67
16493, C, 64, 16
16506, C, 64, 0
16518, C, 64, 66
16531, C, 64, 127
16562, N, 46, 0
16602, N, 53, 44
16653, N, 53, 0
16677, N, 61, 57
16707, N, 61, 0
16743, N, 58, 57
16801, N, 58, 0
16808, N, 65, 60
16840, N, 70, 0
16842, N, 65, 0
16880, N, 61, 60
16910, N, 61, 0
16942, N, 58, 62
16969, N, 58, 0
17002, N, 53, 66
17038, N, 53, 0
17080, N, 49, 61
17108, C, 64, 126
17120, C, 64, 78
17133, C, 64, 103
17135, N, 49, 0
17145, C, 64, 127
17146, N, 46, 62
17194, N, 46, 0
17233, N, 41, 56
17261, N, 41, 0
17326, N, 39, 65
17339, N, 39, 0
17453, N, 37, 62
17467, C, 64, 41
17467, N, 65, 52
17479, N, 77, 64
17480, C, 64, 0
17505, C, 64, 89
17518, C, 64, 127
17554, N, 37, 0
17567, N, 44, 58
17633, N, 49, 59
17640, N, 44, 0
17660, N, 49, 0
17669, N, 77, 0
17685, N, 65, 0
17685, N, 56, 58
17698, N, 56, 0
17736, N, 49, 63
17768, N, 49, 0
17788, N, 44, 62
17826, C, 64, 84
17827, N, 44, 0
17839, C, 64, 0
17839, N, 76, 64
17841, N, 64, 68
17841, N, 37, 60
17853, C, 64, 2
17866, C, 64, 112
17879, C, 64, 127
17896, N, 37, 0
17896, N, 44, 62
17928, N, 76, 0
17941, N, 64, 0
17951, N, 44, 0
17951, N, 49, 65
17992, N, 49, 0
18000, N, 55, 55
18017, N, 55, 0
18050, N, 49, 62
18067, N, 49, 0
18099, N, 44, 62
18136, N, 44, 0
18136, C, 64, 86
18148, C, 64, 1
18152, N, 37, 59
18153, N, 63, 91
18155, N, 75, 86
18164, C, 64, 49
18176, N, 75, 0
18177, C, 64, 127
18178, N, 63, 0
18204, N, 37, 0
18204, N, 44, 61
18219, N, 77, 83
18221, N, 65, 68
18238, N, 65, 0
18239, N, 77, 0
18250, N, 44, 0
18282, N, 63, 97
18284, N, 75, 88
18285, N, 48, 57
18308, N, 75, 0
18308, N, 63, 0
18336, N, 48, 0
18339, N, 54, 70
18355, N, 54, 0
18384, N, 72, 76
18385, N, 60, 72
18386, N, 48, 70
18407, N, 60, 0
18409, N, 72, 0
18410, N, 48, 0
18433, N, 44, 62
18473, N, 44, 0
18475, C, 64, 121
18481, N, 37, 62
18486, N, 70, 91
18486, N, 58, 83
18496, C, 64, 12
18507, C, 64, 0
18520, C, 64, 106
18524, N, 44, 68
18527, N, 70, 0
18527, N, 37, 0
18533, C, 64, 127
18534, N, 58, 0
18563, N, 44, 0
18577, N, 56, 97
18577, N, 68, 91
18588, N, 48, 61
18596, N, 56, 0
18599, N, 68, 0
18625, N, 54, 63
18627, N, 48, 0
18637, N, 54, 0
18659, N, 48, 60
18686, N, 48, 0
18700, N, 44, 73
18735, N, 44, 0
18744, C, 64, 126
18752, N, 37, 56
18753, N, 58, 78
18755, N, 70, 83
18766, C, 64, 16
18779, C, 64, 0
18792, C, 64, 104
18794, N, 44, 68
18799, N, 37, 0
18804, N, 58, 0
18805, C, 64, 127
18810, N, 70, 0
18830, N, 44, 0
18845, N, 72, 88
18846, N, 60, 85
18848, N, 48, 64
18864, N, 60, 0
18865, N, 72, 0
18889, N, 54, 62
18893, N, 48, 0
18901, N, 54, 0
18926, N, 48, 50
18954, N, 48, 0
18969, N, 44, 68
19003, N, 44, 0
19005, C, 64, 122
19018, N, 61, 91
19018, C, 64, 37
19020, N, 73, 86
19022, N, 37, 56
19036, C, 64, 0
19048, C, 64, 98
19061, C, 64, 127
19065, N, 37, 0
19065, N, 44, 75
19072, N, 61, 0
19077, N, 73, 0
19101, N, 44, 0
19115, N, 63, 104
19116, N, 75, 94
19120, N, 48, 59
19134, N, 75, 0
19136, N, 63, 0
19158, N, 54, 75
19160, N, 48, 0
19179, N, 54, 0
19196, N, 48, 80
19229, N, 48, 0
19245, N, 44, 80
19276, N, 44, 0
19291, N, 37, 68
19291, C, 64, 49
19297, N, 65, 85
19298, N, 77, 90
19314, C, 64, 14
19326, C, 64, 112
19327, N, 65, 0
19335, N, 77, 0
19338, C, 64, 127
19348, N, 44, 83
19350, N, 66, 104
19350, N, 78, 94
19355, N, 37, 0
19358, N, 66, 0
19361, N, 78, 0
19381, N, 44, 0
19404, N, 82, 111
19405, N, 70, 107
19407, N, 51, 83
19432, N, 70, 0
19436, N, 82, 0
19452, N, 51, 0
19458, N, 56, 86
19494, N, 56, 0
19520, N, 68, 100
19521, N, 80, 104
19524, N, 48, 52
19541, N, 80, 0
19542, N, 68, 0
19551, N, 48, 0
19581, N, 44, 75
19628, N, 44, 0
19650, N, 37, 59
19654, C, 64, 67
19656, N, 65, 85
19657, N, 77, 74
19672, C, 64, 0
19685, C, 64, 9
19698, C, 64, 107
19710, C, 64, 127
19712, N, 44, 67
19713, N, 37, 0
19775, N, 49, 70
19782, N, 44, 0
19801, N, 49, 0
19817, N, 77, 0
19820, N, 56, 70
19829, N, 65, 0
19837, N, 56, 0
19864, N, 49, 80
19892, N, 49, 0
19908, N, 44, 70
19942, C, 64, 124
19949, N, 44, 0
19953, N, 37, 73
19954, N, 65, 72
19955, N, 77, 80
19968, C, 64, 25
19980, C, 64, 68
19993, C, 64, 127
19998, N, 77, 0
19998, N, 37, 0
20000, N, 44, 70
20009, N, 65, 0
20049, N, 49, 65
20060, N, 44, 0
20079, N, 49, 0
20091, N, 56, 78
20111, N, 56, 0
20132, N, 49, 86
20163, N, 49, 0
20172, N, 44, 70
20206, N, 44, 0
20216, N, 37, 70
20220, N, 64, 90
20221, N, 76, 90
20228, C, 64, 95
20236, C, 64, 0
20249, C, 64, 43
20262, C, 64, 127
20270, N, 45, 80
20273, N, 37, 0
20307, N, 45, 0
20314, N, 49, 78
20360, N, 55, 88
20363, N, 49, 0
20381, N, 55, 0
20401, N, 49, 80
20439, N, 49, 0
20446, N, 45, 93
20465, N, 76, 0
20466, N, 64, 0
20470, N, 45, 0
20479, C, 64, 126
20487, N, 38, 60
20499, C, 64, 31
20506, N, 62, 101
20507, N, 74, 83
20522, C, 64, 87
20526, N, 62, 0
20529, N, 74, 0
20534, C, 64, 127
20559, N, 45, 58
20568, N, 64, 83
20568, N, 76, 88
20582, N, 76, 0
20585, N, 64, 0
20592, N, 38, 0
20608, N, 45, 0
20613, N, 50, 64
20621, N, 74, 104
20624, N, 62, 74
20638, N, 62, 0
20642, N, 74, 0
20664, N, 54, 80
20666, N, 50, 0
20693, N, 54, 0
20714, N, 69, 95
20714, N, 57, 98
20715, N, 50, 59
20724, N, 57, 0
20724, N, 69, 0
20738, N, 50, 0
20760, N, 45, 78
20790, N, 45, 0
20793, C, 64, 119
20806, N, 71, 95
20806, N, 59, 95
20807, N, 38, 66
20815, C, 64, 13
20826, C, 64, 0
20838, C, 64, 102
20851, C, 64, 127
20858, N, 43, 70
20866, N, 38, 0
20890, N, 43, 0
20899, N, 50, 68
20928, N, 50, 0
20936, N, 55, 64
20961, N, 55, 0
20985, N, 59, 0
20986, N, 50, 78
20989, N, 71, 0
21008, N, 50, 0
21026, N, 43, 74
21053, N, 43, 0
21060, C, 64, 41
21067, N, 38, 76
21071, N, 62, 104
21072, N, 74, 93
21079, C, 64, 33
21089, N, 62, 0
21091, N, 74, 0
21091, C, 64, 127
21120, N, 76, 107
21121, N, 64, 93
21122, N, 45, 72
21137, N, 64, 0
21137, N, 38, 0
21137, N, 76, 0
21164, N, 45, 0
21167, N, 74, 107
21168, N, 62, 104
21172, N, 50, 61
21184, N, 62, 0
21185, N, 74, 0
21198, N, 50, 0
21214, N, 54, 83
21244, N, 54, 0
21260, N, 69, 98
21260, N, 57, 93
21264, N, 50, 59
21269, N, 57, 0
21270, N, 69, 0
21285, N, 50, 0
21304, N, 45, 68
21323, N, 45, 0
21355, N, 43, 70
21357, N, 58, 104
21358, N, 70, 88
21366, C, 64, 84
21377, C, 64, 0
21401, C, 64, 110
21415, N, 49, 73
21415, C, 64, 127
21421, N, 43, 0
21422, N, 58, 0
21430, N, 70, 0
21449, N, 49, 0
21452, N, 52, 74
21496, N, 52, 0
21502, N, 58, 78
21523, N, 58, 0
21545, N, 52, 95
21573, N, 52, 0
21584, N, 49, 83
21610, N, 49, 0
21632, N, 60, 85
21632, N, 44, 62
21632, N, 72, 85
21642, C, 64, 84
21652, C, 64, 0
21664, C, 64, 9
21678, C, 64, 125
21682, N, 51, 80
21690, C, 64, 127
21692, N, 44, 0
21728, N, 54, 83
21752, N, 51, 0
21766, N, 54, 0
21774, N, 57, 83
21803, N, 57, 0
21814, N, 56, 97
21826, N, 56, 0
21836, N, 60, 0
21841, N, 72, 0
21864, N, 44, 91
21902, N, 44, 0
21915, N, 37, 70
21921, C, 64, 55
21921, N, 61, 97
21921, N, 73, 100
21937, C, 64, 0
21950, C, 64, 43
21963, C, 64, 127
21977, N, 44, 80
21981, N, 37, 0
21990, N, 61, 0
21999, N, 73, 0
22033, N, 49, 78
22049, N, 44, 0
22073, N, 49, 0
22080, N, 56, 78
22103, N, 56, 0
22128, N, 49, 83
22155, N, 49, 0
22175, N, 44, 70
22221, N, 44, 0
22230, N, 37, 73
22234, C, 64, 117
22244, C, 64, 28
22245, N, 65, 88
22249, N, 77, 72
22257, C, 64, 0
22270, C, 64, 12
22282, C, 64, 122
22296, C, 64, 127
22296, N, 44, 78
22299, N, 37, 0
22345, N, 49, 75
22357, N, 44, 0
22362, N, 77, 0
22378, N, 65, 0
22380, N, 49, 0
22389, N, 56, 75
22411, N, 56, 0
22433, N, 49, 67
22462, N, 49, 0
22478, N, 44, 73
22514, N, 44, 0
22521, N, 37, 67
22524, N, 64, 85
22524, N, 76, 88
22528, C, 64, 39
22539, C, 64, 0
22552, C, 64, 15
22565, C, 64, 127
22571, N, 44, 75
22574, N, 37, 0
22618, N, 49, 88
22630, N, 44, 0
22659, N, 76, 0
22661, N, 55, 78
22662, N, 64, 0
22662, N, 49, 0
22689, N, 55, 0
22708, N, 49, 88
22738, N, 49, 0
22754, N, 44, 68
22789, N, 44, 0
22802, N, 37, 62
22806, N, 63, 107
22806, N, 75, 107
22811, C, 64, 45
22820, C, 64, 0
22834, C, 64, 15
22840, N, 63, 0
22846, C, 64, 127
22847, N, 75, 0
22851, N, 44, 75
22857, N, 37, 0
22864, N, 77, 95
22865, N, 65, 90
22876, N, 77, 0
22884, N, 65, 0
22891, N, 44, 0
22917, N, 63, 111
22918, N, 48, 60
22918, N, 75, 97
22938, N, 63, 0
22939, N, 75, 0
22964, N, 54, 91
22970, N, 48, 0
22987, N, 54, 0
23008, N, 48, 63
23010, N, 60, 104
23012, N, 72, 90
23031, N, 60, 0
23032, N, 72, 0
23035, N, 48, 0
23055, N, 44, 83
23096, C, 64, 43
23100, N, 44, 0
23101, N, 37, 78
23106, N, 58, 104
23106, N, 70, 100
23116, C, 64, 0
23128, C, 64, 78
23141, C, 64, 127
23150, N, 44, 68
23158, N, 37, 0
23166, N, 70, 0
23170, N, 58, 0
23186, N, 44, 0
23202, N, 56, 100
23203, N, 68, 91
23208, N, 48, 64
23223, N, 56, 0
23227, N, 68, 0
23252, N, 54, 86
23258, N, 48, 0
23269, N, 54, 0
23291, N, 48, 57
23316, N, 48, 0
23339, N, 44, 88
23369, C, 64, 126
23371, N, 44, 0
23382, C, 64, 22
23388, N, 58, 83
23389, N, 37, 63
23389, N, 70, 83
23402, C, 64, 0
23413, C, 64, 53
23426, C, 64, 127
23432, N, 44, 88
23434, N, 58, 0
23438, N, 37, 0
23439, N, 70, 0
23469, N, 44, 0
23481, N, 60, 104
23481, N, 72, 98
23487, N, 48, 58
23500, N, 60, 0
23502, N, 72, 0
23523, N, 54, 78
23527, N, 48, 0
23546, N, 54, 0
23560, N, 48, 66
23593, N, 48, 0
23603, N, 44, 97
23637, C, 64, 126
23638, N, 44, 0
23649, N, 37, 75
23650, N, 61, 100
23650, N, 73, 107
23659, C, 64, 27
23672, C, 64, 25
23686, C, 64, 127
23692, N, 44, 88
23697, N, 61, 0
23697, N, 37, 0
23704, N, 73, 0
23728, N, 44, 0
23736, N, 63, 121
23738, N, 75, 114
23742, N, 48, 76
23755, N, 63, 0
23758, N, 75, 0
23782, N, 54, 100
23783, N, 48, 0
23804, N, 54, 0
23818, N, 48, 74
23850, N, 48, 0
23861, N, 44, 114
23897, N, 44, 0
23906, N, 37, 88
23909, N, 65, 107
23909, N, 77, 104
23917, C, 64, 66
23929, C, 64, 14
23942, C, 64, 124
23947, N, 65, 0
23951, N, 44, 100
23955, N, 77, 0
23956, C, 64, 127
23963, N, 37, 0
23963, N, 78, 121
23964, N, 66, 117
23977, N, 66, 0
23983, N, 78, 0
23987, N, 44, 0
24012, N, 51, 100
24020, N, 82, 125
24020, N, 70, 125
24058, N, 51, 0
24060, N, 56, 94
24078, N, 82, 0
24081, N, 70, 0
24099, N, 56, 0
24127, N, 48, 64
24130, N, 68, 121
24130, N, 80, 121
24158, N, 48, 0
24165, N, 80, 0
24165, N, 68, 0
24186, N, 44, 91
24222, N, 80, 108
24225, N, 68, 107
24238, N, 44, 0
24259, N, 80, 0
24262, N, 68, 0
24265, N, 37, 78
24273, N, 77, 104
24274, N, 65, 107
24286, C, 64, 33
24298, C, 64, 0
24311, C, 64, 44
24323, C, 64, 127
24330, N, 44, 80
24335, N, 37, 0
24381, N, 49, 80
24387, N, 44, 0
24412, N, 49, 0
24422, N, 56, 86
24432, N, 77, 0
24445, N, 56, 0
24446, N, 65, 0
24466, N, 49, 80
24499, N, 49, 0
24510, N, 44, 75
24551, N, 44, 0
24555, C, 64, 88
24556, N, 37, 75
24562, N, 77, 93
24563, N, 65, 85
24570, C, 64, 0
24582, C, 64, 10
24595, C, 64, 122
24608, C, 64, 127
24611, N, 44, 78
24612, N, 37, 0
24618, N, 77, 0
24628, N, 65, 0
24659, N, 49, 80
24668, N, 44, 0
24691, N, 49, 0
24702, N, 56, 75
24725, N, 56, 0
24749, N, 49, 83
24775, N, 49, 0
24792, N, 44, 78
24826, N, 44, 0
24843, N, 37, 59
24844, N, 64, 88
24844, N, 76, 85
24850, C, 64, 68
24862, C, 64, 0
24874, C, 64, 39
24885, N, 37, 0
24887, C, 64, 127
24899, N, 45, 78
24938, N, 45, 0
24948, N, 49, 51
24960, N, 49, 0
25000, N, 55, 76
25033, N, 55, 0
25051, N, 49, 86
25091, N, 49, 0
25102, N, 45, 80
25111, N, 76, 0
25117, N, 64, 0
25125, N, 45, 0
25148, N, 38, 61
25153, C, 64, 66
25162, N, 62, 101
25164, N, 74, 80
25170, C, 64, 0
25181, C, 64, 98
25182, N, 62, 0
25186, N, 74, 0
25194, C, 64, 127
25212, N, 45, 66
25222, N, 76, 93
25222, N, 64, 88
25237, N, 76, 0
25239, N, 64, 0
25254, N, 38, 0
25261, N, 45, 0
25265, N, 50, 70
25276, N, 62, 101
25277, N, 74, 98
25290, N, 62, 0
25293, N, 74, 0
25312, N, 50, 0
25319, N, 54, 65
25350, N, 54, 0
25371, N, 50, 72
25371, N, 57, 107
25374, N, 69, 85
25382, N, 57, 0
25383, N, 69, 0
25391, N, 50, 0
25420, N, 45, 76
25453, N, 45, 0
25460, C, 64, 59
25470, N, 38, 78
25473, N, 71, 85
25474, N, 59, 83
25483, C, 64, 10
25495, C, 64, 127
25526, N, 43, 63
25541, N, 38, 0
25562, N, 43, 0
25573, N, 50, 70
25599, N, 50, 0
25616, N, 55, 70
25643, N, 55, 0
25664, N, 50, 88
25685, N, 59, 0
25688, N, 50, 0
25690, N, 71, 0
25712, N, 43, 70
25736, N, 43, 0
25751, C, 64, 69
25756, N, 38, 76
25762, N, 62, 107
25763, N, 74, 101
25773, C, 64, 1
25781, N, 62, 0
25784, N, 74, 0
25786, C, 64, 127
25812, N, 45, 59
25814, N, 76, 98
25814, N, 64, 90
25833, N, 64, 0
25833, N, 76, 0
25849, N, 38, 0
25863, N, 45, 0
25865, N, 62, 107
25865, N, 50, 80
25866, N, 74, 98
25881, N, 74, 0
25883, N, 62, 0
25904, N, 50, 0
25916, N, 54, 80
25944, N, 54, 0
25960, N, 57, 107
25962, N, 69, 90
25966, N, 50, 78
25971, N, 57, 0
25972, N, 69, 0
25986, N, 50, 0
26008, N, 45, 93
26027, N, 45, 0
26064, N, 58, 94
26065, N, 70, 80
26067, N, 43, 49
26068, N, 45, 56
26076, C, 64, 78
26088, C, 64, 0
26100, C, 64, 8
26106, N, 45, 0
26113, C, 64, 127
26122, N, 49, 65
26128, N, 43, 0
26143, N, 58, 0
26146, N, 70, 0
26160, N, 49, 0
26166, N, 52, 78
26201, N, 52, 0
26209, N, 58, 83
26232, N, 58, 0
26253, N, 52, 101
26287, N, 52, 0
26293, N, 49, 94
26320, N, 49, 0
26336, N, 44, 75
26338, C, 64, 106
26341, N, 60, 93
26341, N, 72, 88
26356, C, 64, 0
26370, C, 64, 4
26382, C, 64, 126
26384, N, 51, 91
26391, N, 44, 0
26395, C, 64, 127
26431, N, 54, 97
26459, N, 51, 0
26469, N, 54, 0
26478, N, 57, 101
26511, N, 57, 0
26524, N, 56, 100
26536, N, 56, 0
26558, N, 72, 0
26558, N, 60, 0
26573, N, 44, 111
26611, N, 44, 0
26626, N, 37, 86
26633, N, 61, 121
26634, N, 73, 114
26648, C, 64, 56
26661, C, 64, 0
26674, C, 64, 31
26686, C, 64, 127
26689, N, 44, 104
26696, N, 37, 0
26740, N, 49, 107
26762, N, 44, 0
26765, N, 61, 0
26767, N, 73, 0
26786, N, 49, 0
26792, N, 56, 114
26823, N, 56, 0
26851, N, 49, 121
26881, N, 49, 0
26907, N, 46, 117
26930, N, 46, 0
26972, N, 44, 75
26984, C, 64, 67
26995, N, 63, 111
26998, N, 75, 100
27004, C, 64, 0
27016, C, 64, 20
27029, C, 64, 127
27052, N, 51, 75
27056, N, 44, 0
27086, N, 63, 0
27096, N, 75, 0
27101, N, 56, 86
27127, N, 51, 0
27140, N, 56, 0
27140, N, 60, 68
27167, N, 60, 0
27185, N, 56, 83
27212, N, 56, 0
27224, N, 51, 80
27255, N, 51, 0
27266, N, 44, 60
27272, C, 64, 43
27273, N, 77, 90
27273, N, 65, 85
27285, C, 64, 0
27298, C, 64, 41
27305, N, 44, 0
27306, N, 65, 0
27306, N, 77, 0
27311, C, 64, 127
27314, N, 50, 85
27367, N, 53, 76
27375, N, 50, 0
27406, N, 58, 91
27413, N, 53, 0
27431, N, 58, 0
27447, N, 53, 98
27477, N, 53, 0
27485, N, 50, 98
27502, N, 50, 0
27527, N, 42, 114
27528, C, 64, 95
27533, N, 78, 114
27534, N, 66, 111
27544, C, 64, 2
27558, C, 64, 18
27568, N, 78, 0
27570, C, 64, 127
27572, N, 66, 0
27579, N, 46, 97
27586, N, 42, 0
27618, N, 77, 113
27619, N, 65, 110
27622, N, 51, 107
27634, N, 65, 0
27634, N, 46, 0
27635, N, 77, 0
27656, N, 51, 0
27658, N, 58, 100
27664, N, 66, 125
27664, N, 78, 121
27676, N, 66, 0
27678, N, 58, 0
27680, N, 78, 0
27698, N, 51, 97
27704, N, 68, 127
27704, N, 80, 127
27716, N, 80, 0
27717, N, 68, 0
27726, N, 51, 0
27736, N, 46, 94
27745, N, 82, 125
27745, N, 70, 125
27760, N, 70, 0
27766, N, 82, 0
27773, N, 46, 0
27778, C, 64, 95
27780, N, 42, 74
27789, N, 70, 127
27790, N, 82, 114
27798, C, 64, 0
27811, C, 64, 79
27821, N, 82, 0
27824, N, 70, 0
27824, C, 64, 127
27835, N, 42, 0
27839, N, 48, 55
27885, N, 63, 125
27886, N, 75, 114
27892, N, 51, 91
27898, N, 75, 0
27898, N, 48, 0
27899, N, 63, 0
27927, N, 51, 0
27936, N, 56, 97
27965, N, 56, 0
27978, N, 51, 88
27981, N, 68, 121
27983, N, 80, 121
28017, N, 51, 0
28024, N, 48, 95
28044, N, 48, 0
28053, N, 80, 0
28053, N, 68, 0
28073, C, 64, 126
28076, N, 41, 98
28091, N, 68, 114
28092, N, 80, 111
28092, C, 64, 4
28108, C, 64, 8
28121, C, 64, 120
28134, C, 64, 127
28134, N, 44, 78
28143, N, 68, 0
28149, N, 80, 0
28153, N, 41, 0
28180, N, 49, 88
28181, N, 82, 111
28183, N, 70, 114
28188, N, 44, 0
28194, N, 82, 0
28202, N, 70, 0
28209, N, 49, 0
28219, N, 56, 97
28226, N, 68, 117
28227, N, 80, 114
28234, N, 80, 0
28240, N, 56, 0
28243, N, 68, 0
28259, N, 49, 83
28270, N, 66, 100
28271, N, 78, 86
28279, N, 66, 0
28280, N, 78, 0
28293, N, 49, 0
28297, N, 44, 100
28305, N, 77, 116
28306, N, 65, 107
28322, N, 65, 0
28322, N, 77, 0
28339, C, 64, 109
28343, N, 37, 88
28346, N, 44, 0
28350, N, 65, 116
28350, N, 77, 107
28362, C, 64, 9
28374, C, 64, 97
28375, N, 65, 0
28379, N, 77, 0
28387, C, 64, 127
28391, N, 44, 88
28398, N, 37, 0
28431, N, 78, 114
28432, N, 66, 114
28436, N, 49, 91
28443, N, 78, 0
28445, N, 66, 0
28446, N, 44, 0
28465, N, 49, 0
28475, N, 77, 104
28475, N, 65, 104
28475, N, 56, 88
28489, N, 77, 0
28492, N, 65, 0
28493, N, 56, 0
28514, N, 49, 94
28519, N, 75, 107
28519, N, 63, 117
28531, N, 75, 0
28538, N, 63, 0
28544, N, 49, 0
28558, N, 44, 94
28564, N, 73, 114
28564, N, 61, 114
28576, N, 61, 0
28582, N, 73, 0
28596, N, 44, 0
28604, N, 37, 86
28609, N, 75, 114
28609, C, 64, 121
28611, N, 63, 107
28630, C, 64, 0
28642, N, 37, 0
28642, C, 64, 9
28654, C, 64, 110
28660, N, 46, 83
28669, C, 64, 127
28706, N, 51, 80
28719, N, 46, 0
28749, N, 51, 0
28751, N, 55, 78
28779, N, 55, 0
28793, N, 51, 91
28820, N, 51, 0
28836, N, 46, 86
28857, N, 46, 0
28887, N, 37, 94
28887, C, 64, 71
28900, C, 64, 0
28908, N, 63, 0
28912, C, 64, 41
28913, N, 75, 0
28915, N, 37, 0
28925, C, 64, 127
28947, N, 45, 80
29004, N, 48, 80
29006, N, 45, 0
29050, N, 48, 0
29050, N, 54, 80
29078, N, 54, 0
29100, N, 48, 78
29105, N, 76, 98
29105, N, 64, 104
29128, N, 64, 0
29130, N, 76, 0
29136, N, 48, 0
29164, N, 44, 94
29210, N, 44, 0
29229, N, 37, 60
29233, N, 65, 98
29236, N, 77, 85
29245, C, 64, 43
29256, C, 64, 0
29269, C, 64, 5
29281, C, 64, 108
29289, N, 44, 78
29294, C, 64, 127
29297, N, 37, 0
29330, N, 77, 0
29341, N, 65, 0
29341, N, 49, 75
29361, N, 44, 0
29379, N, 49, 0
29389, N, 56, 86
29408, N, 56, 0
29436, N, 49, 86
29462, N, 49, 0
29476, N, 44, 75
29515, N, 44, 0
29523, N, 37, 63
29528, C, 64, 111
29530, N, 64, 93
29531, N, 76, 83
29540, C, 64, 7
29553, C, 64, 0
29566, C, 64, 95
29575, N, 45, 83
29578, N, 37, 0
29578, C, 64, 127
29614, N, 45, 0
29622, N, 49, 75
29669, N, 55, 78
29676, N, 49, 0
29693, N, 55, 0
29714, N, 49, 73
29748, N, 49, 0
29759, N, 45, 78
29763, N, 76, 0
29765, N, 64, 0
29784, N, 45, 0
29803, N, 38, 60
29809, C, 64, 52
29817, N, 62, 88
29818, N, 74, 83
29825, C, 64, 0
29838, C, 64, 105
29845, N, 74, 0
29845, N, 62, 0
29851, C, 64, 127
29870, N, 45, 61
29875, N, 64, 83
29876, N, 76, 74
29887, N, 76, 0
29892, N, 64, 0
29906, N, 38, 0
29923, N, 45, 0
29924, N, 50, 64
29932, N, 74, 78
29932, N, 62, 83
29947, N, 74, 0
29948, N, 62, 0
29968, N, 50, 0
29976, N, 54, 75
30008, N, 54, 0
30028, N, 50, 78
30030, N, 57, 85
30032, N, 69, 61
30040, N, 57, 0
30044, N, 69, 0
30050, N, 50, 0
30076, N, 45, 74
30106, N, 45, 0
30116, C, 64, 120
30126, N, 38, 64
30128, N, 59, 83
30128, N, 71, 85
30133, C, 64, 29
30145, C, 64, 0
30158, C, 64, 86
30171, C, 64, 127
30180, N, 43, 56
30193, N, 38, 0
30218, N, 43, 0
30224, N, 50, 66
30261, N, 50, 0
30269, N, 55, 74
30302, N, 55, 0
30314, N, 59, 0
30318, N, 50, 93
30319, N, 71, 0
30344, N, 50, 0
30367, N, 43, 76
30393, N, 43, 0
30411, N, 74, 107
30411, C, 64, 42
30412, N, 38, 76
30412, N, 62, 104
30427, C, 64, 1
30440, N, 62, 0
30440, C, 64, 111
30448, N, 74, 0
30453, C, 64, 127
30464, N, 45, 74
30470, N, 76, 107
30471, N, 64, 95
30488, N, 64, 0
30488, N, 76, 0
30490, N, 38, 0
30514, N, 45, 0
30518, N, 50, 70
30526, N, 74, 98
30527, N, 62, 95
30545, N, 62, 0
30545, N, 74, 0
30555, N, 50, 0
30572, N, 54, 78
30598, N, 54, 0
30622, N, 50, 80
30631, N, 57, 93
30631, N, 69, 88
30641, N, 69, 0
30641, N, 57, 0
30648, N, 50, 0
30677, N, 45, 90
30697, N, 45, 0
30734, C, 64, 126
30737, N, 70, 91
30738, N, 43, 72
30739, N, 58, 83
30750, C, 64, 18
30763, C, 64, 0
30775, C, 64, 27
30789, C, 64, 127
30798, N, 49, 65
30806, N, 43, 0
30816, N, 58, 0
30823, N, 70, 0
30832, N, 49, 0
30846, N, 52, 88
30872, N, 52, 0
30892, N, 58, 83
30914, N, 58, 0
30939, N, 52, 78
30969, N, 52, 0
30980, N, 49, 83
31012, N, 49, 0
31025, N, 44, 65
31025, C, 64, 122
31027, N, 60, 90
31029, N, 72, 76
31039, C, 64, 22
31051, C, 64, 0
31064, C, 64, 35
31077, C, 64, 127
31079, N, 51, 80
31088, N, 44, 0
31130, N, 54, 80
31161, N, 51, 0
31175, N, 54, 0
31182, N, 57, 95
31220, N, 57, 0
31234, N, 56, 97
31248, N, 56, 0
31268, N, 72, 0
31272, N, 60, 0
31286, N, 44, 91
31324, N, 44, 0
31344, N, 37, 73
31348, N, 61, 97
31350, N, 73, 88
31354, C, 64, 114
31366, C, 64, 11
31378, C, 64, 0
31391, C, 64, 62
31404, C, 64, 127
31408, N, 44, 86
31411, N, 37, 0
31460, N, 49, 88
31477, N, 44, 0
31490, N, 73, 0
31492, N, 61, 0
31499, N, 49, 0
31511, N, 56, 83
31537, N, 56, 0
31560, N, 49, 94
31591, N, 49, 0
31609, N, 46, 94
31629, N, 46, 0
31654, N, 44, 73
31660, C, 64, 96
31661, N, 75, 100
31661, N, 63, 97
31672, C, 64, 0
31698, C, 64, 109
31711, C, 64, 127
31718, N, 51, 83
31722, N, 44, 0
31767, N, 63, 0
31769, N, 56, 80
31777, N, 75, 0
31781, N, 51, 0
31814, N, 60, 80
31816, N, 56, 0
31844, N, 60, 0
31860, N, 56, 94
31884, N, 56, 0
31901, N, 51, 75
31927, N, 51, 0
31942, C, 64, 117
31944, N, 44, 60
31948, N, 65, 101
31952, N, 77, 78
31956, C, 64, 9
31968, C, 64, 3
31974, N, 44, 0
31980, C, 64, 120
31993, C, 64, 127
31994, N, 50, 88
31995, N, 77, 0
31997, N, 65, 0
32054, N, 53, 74
32062, N, 50, 0
32090, N, 53, 0
32091, N, 58, 88
32119, N, 58, 0
32135, N, 53, 90
32166, N, 53, 0
32172, N, 50, 93
32191, N, 50, 0
32222, N, 78, 107
32222, N, 66, 107
32224, N, 42, 100
32231, C, 64, 84
32242, C, 64, 0
32255, C, 64, 72
32269, C, 64, 127
32270, N, 46, 91
32276, N, 42, 0
32279, N, 78, 0
32279, N, 66, 0
32314, N, 51, 100
32316, N, 65, 104
32317, N, 77, 101
32332, N, 46, 0
32335, N, 77, 0
32335, N, 65, 0
32351, N, 51, 0
32354, N, 58, 86
32361, N, 78, 117
32361, N, 66, 114
32376, N, 58, 0
32378, N, 66, 0
32381, N, 78, 0
32395, N, 51, 100
32403, N, 68, 121
32404, N, 80, 117
32418, N, 80, 0
32423, N, 68, 0
32427, N, 51, 0
32434, N, 46, 88
32444, N, 82, 121
32446, N, 70, 111
32462, N, 82, 0
32463, N, 70, 0
32475, N, 46, 0
32480, N, 42, 91
32488, N, 70, 125
32490, N, 82, 117
32500, C, 64, 46
32511, C, 64, 14
32525, C, 64, 126
32526, N, 42, 0
32538, N, 48, 85
32538, C, 64, 127
32539, N, 82, 0
32542, N, 70, 0
32587, N, 63, 125
32588, N, 75, 114
32596, N, 51, 88
32598, N, 48, 0
32599, N, 63, 0
32604, N, 75, 0
32629, N, 51, 0
32639, N, 56, 91
32667, N, 56, 0
32680, N, 51, 94
32686, N, 68, 117
32687, N, 80, 114
32722, N, 51, 0
32727, N, 48, 93
32751, N, 48, 0
32757, N, 80, 0
32757, N, 68, 0
32775, C, 64, 118
32778, N, 41, 90
32786, N, 68, 121
32788, N, 80, 114
32797, C, 64, 0
32810, C, 64, 53
32823, C, 64, 127
32831, N, 44, 80
32842, N, 68, 0
32846, N, 41, 0
32846, N, 80, 0
32870, N, 49, 97
32877, N, 82, 107
32877, N, 70, 114
32883, N, 44, 0
32895, N, 70, 0
32895, N, 82, 0
32906, N, 49, 0
32910, N, 56, 94
32924, N, 80, 111
32924, N, 68, 114
32934, N, 56, 0
32937, N, 80, 0
32941, N, 68, 0
32954, N, 49, 86
32967, N, 66, 117
32967, N, 78, 114
32986, N, 78, 0
32986, N, 49, 0
32987, N, 66, 0
32989, N, 44, 86
33008, N, 77, 101
33008, N, 65, 104
33024, N, 65, 0
33024, N, 77, 0
33038, N, 44, 0
33038, N, 37, 88
33044, C, 64, 63
33054, N, 77, 113
33054, N, 65, 123
33060, C, 64, 0
33075, C, 64, 33
33088, C, 64, 127
33091, N, 44, 83
33096, N, 37, 0
33101, N, 65, 0
33102, N, 77, 0
33136, N, 49, 97
33140, N, 66, 114
33140, N, 78, 114
33149, N, 44, 0
33154, N, 78, 0
33157, N, 66, 0
33170, N, 49, 0
33177, N, 56, 97
33182, N, 65, 107
33183, N, 77, 104
33198, N, 77, 0
33199, N, 65, 0
33200, N, 56, 0
33220, N, 49, 94
33229, N, 63, 121
33229, N, 75, 117
33244, N, 75, 0
33246, N, 63, 0
33256, N, 49, 0
33266, N, 44, 86
33275, N, 73, 111
33275, N, 61, 117
33293, N, 61, 0
33294, N, 73, 0
33319, N, 44, 0
33320, N, 37, 86
33324, N, 63, 104
33324, N, 75, 107
33338, C, 64, 19
33351, C, 64, 10
33364, N, 37, 0
33364, C, 64, 127
33379, N, 46, 100
33432, N, 51, 97
33452, N, 46, 0
33472, N, 51, 0
33475, N, 55, 88
33505, N, 55, 0
33520, N, 51, 100
33546, N, 51, 0
33559, N, 46, 91
33583, N, 46, 0
33607, C, 64, 71
33607, N, 37, 91
33623, C, 64, 0
33636, C, 64, 74
33637, N, 37, 0
33649, C, 64, 127
33650, N, 75, 0
33650, N, 63, 0
33656, N, 45, 95
33702, N, 45, 0
33708, N, 48, 90
33744, N, 48, 0
33763, N, 54, 91
33767, N, 48, 46
33780, N, 48, 0
33793, N, 54, 0
33821, N, 48, 70
33824, N, 64, 110
33826, N, 76, 93
33857, N, 48, 0
33860, N, 64, 0
33863, N, 76, 0
33891, N, 44, 104
33946, N, 44, 0
33971, N, 37, 78
33976, N, 65, 98
33981, C, 64, 70
33983, N, 77, 76
33995, C, 64, 0
34020, C, 64, 13
34033, C, 64, 127
34044, N, 44, 70
34051, N, 37, 0
34092, N, 49, 88
34098, N, 77, 0
34112, N, 65, 0
34115, N, 44, 0
34125, N, 49, 0
34144, N, 56, 83
34162, N, 56, 0
34191, N, 49, 78
34217, N, 49, 0
34234, N, 44, 73
34268, N, 44, 0
34277, C, 64, 126
34282, N, 37, 73
34287, N, 64, 85
34289, N, 76, 76
34294, C, 64, 34
34306, C, 64, 0
34318, C, 64, 93
34331, C, 64, 127
34338, N, 37, 0
34338, N, 45, 78
34371, N, 45, 0
34384, N, 49, 61
34432, N, 49, 0
34432, N, 55, 66
34455, N, 55, 0
34482, N, 49, 68
34518, N, 49, 0
34523, N, 76, 0
34528, N, 64, 0
34528, N, 45, 70
34549, N, 45, 0
34570, N, 38, 40
34578, C, 64, 35
34585, N, 74, 76
34586, N, 62, 70
34594, C, 64, 23
34606, C, 64, 127
34607, N, 62, 0
34608, N, 74, 0
34639, N, 45, 58
34647, N, 76, 80
34647, N, 64, 76
34664, N, 76, 0
34665, N, 38, 0
34666, N, 64, 0
34684, N, 45, 0
34690, N, 50, 68
34702, N, 74, 98
34704, N, 62, 83
34722, N, 62, 0
34722, N, 74, 0
34746, N, 50, 0
34747, N, 54, 68
34780, N, 54, 0
34795, N, 50, 76
34798, N, 57, 101
34802, N, 69, 60
34809, N, 57, 0
34814, N, 69, 0
34819, N, 50, 0
34849, N, 45, 74
34879, N, 45, 0
34894, N, 38, 74
34898, N, 71, 83
34898, N, 59, 88
34904, C, 64, 81
34914, C, 64, 0
34927, C, 64, 30
34939, C, 64, 127
34953, N, 43, 63
34960, N, 38, 0
34991, N, 43, 0
34998, N, 50, 78
35032, N, 50, 0
35043, N, 55, 68
35071, N, 55, 0
35092, N, 50, 85
35112, N, 59, 0
35118, N, 50, 0
35118, N, 71, 0
35136, N, 43, 76
35167, N, 43, 0
35182, C, 64, 123
35183, N, 38, 70
35188, N, 62, 98
35189, N, 74, 101
35205, C, 64, 0
35217, N, 62, 0
35218, C, 64, 57
35222, N, 74, 0
35230, C, 64, 127
35242, N, 45, 72
35249, N, 76, 98
35250, N, 64, 83
35266, N, 76, 0
35268, N, 64, 0
35272, N, 38, 0
35292, N, 45, 0
35296, N, 50, 70
35302, N, 74, 95
35302, N, 62, 93
35320, N, 62, 0
35321, N, 74, 0
35342, N, 50, 0
35351, N, 54, 75
35382, N, 54, 0
35403, N, 50, 80
35405, N, 57, 95
35406, N, 69, 76
35415, N, 57, 0
35419, N, 69, 0
35428, N, 50, 0
35452, N, 45, 85
35472, N, 45, 0
35506, C, 64, 118
35510, N, 43, 74
35511, N, 58, 80
35512, N, 70, 75
35526, C, 64, 0
35564, C, 64, 114
35565, N, 49, 70
35577, C, 64, 127
35579, N, 43, 0
35606, N, 58, 0
35608, N, 49, 0
35612, N, 70, 0
35615, N, 52, 74
35652, N, 52, 0
35670, N, 58, 75
35690, N, 58, 0
35719, N, 52, 70
35752, N, 52, 0
35771, N, 49, 75
35799, N, 49, 0
35820, C, 64, 125
35825, N, 44, 62
35825, N, 72, 64
35826, N, 60, 59
35836, C, 64, 17
35849, C, 64, 0
35862, C, 64, 66
35875, C, 64, 127
35878, N, 51, 78
35885, N, 44, 0
35935, N, 54, 67
35959, N, 51, 0
35980, N, 54, 0
35994, N, 57, 80
36024, N, 57, 0
36052, N, 56, 88
36065, N, 56, 0
36083, N, 60, 0
36085, N, 72, 0
36115, N, 44, 78
36150, N, 44, 0
36185, N, 37, 56
36195, N, 61, 80
36195, C, 64, 58
36197, N, 73, 83
36211, C, 64, 0
36223, C, 64, 48
36236, C, 64, 127
36258, N, 44, 67
36259, N, 37, 0
36293, N, 61, 0
36303, N, 73, 0
36316, N, 49, 70
36336, N, 44, 0
36355, N, 49, 0
36375, N, 56, 67
36400, N, 56, 0
36427, N, 49, 75
36455, N, 49, 0
36480, N, 44, 73
36522, N, 44, 0
36532, N, 77, 93
36532, N, 65, 85
36535, N, 71, 72
36536, N, 37, 67
36547, C, 64, 28
36560, C, 64, 0
36573, C, 64, 44
36586, C, 64, 127
36594, N, 44, 70
36603, N, 37, 0
36651, N, 49, 75
36670, N, 44, 0
36698, N, 49, 0
36700, N, 56, 68
36725, N, 56, 0
36747, N, 49, 80
36747, N, 75, 114
36751, N, 77, 0
36778, N, 49, 0
36778, N, 75, 0
36794, N, 77, 104
36794, N, 44, 86
36820, N, 77, 0
36820, N, 65, 0
36829, N, 71, 0
36831, N, 44, 0
36842, C, 64, 122
36844, N, 65, 70
36845, N, 71, 101
36846, N, 75, 114
36847, N, 37, 70
36864, C, 64, 0
36877, C, 64, 73
36890, C, 64, 127
36899, N, 44, 78
36900, N, 37, 0
36950, N, 49, 83
36966, N, 44, 0
36982, N, 49, 0
37000, N, 56, 70
37017, N, 65, 0
37023, N, 56, 0
37028, N, 71, 0
37029, N, 75, 0
37043, N, 73, 125
37044, N, 49, 86
37066, N, 73, 0
37074, N, 49, 0
37092, N, 44, 83
37129, N, 44, 0
37149, N, 37, 83
37149, N, 71, 98
37152, N, 80, 104
37163, C, 64, 35
37176, C, 64, 0
37188, C, 64, 48
37200, C, 64, 127
37210, N, 37, 0
37210, N, 44, 78
37260, N, 49, 88
37268, N, 44, 0
37277, N, 80, 0
37278, N, 71, 0
37294, N, 49, 0
37300, N, 73, 121
37300, N, 82, 111
37304, N, 56, 80
37321, N, 73, 0
37325, N, 56, 0
37325, N, 82, 0
37346, N, 49, 88
37348, N, 71, 98
37350, N, 80, 111
37371, N, 71, 0
37373, N, 80, 0
37375, N, 49, 0
37396, N, 44, 91
37396, N, 82, 107
37397, N, 73, 121
37415, N, 82, 0
37416, N, 73, 0
37433, N, 44, 0
37441, N, 37, 78
37442, N, 80, 117
37442, N, 71, 101
37454, C, 64, 34
37466, C, 64, 21
37479, C, 64, 127
37494, N, 44, 80
37497, N, 37, 0
37499, N, 80, 0
37509, N, 71, 0
37539, N, 49, 83
37551, N, 44, 0
37577, N, 49, 0
37586, N, 56, 83
37608, N, 56, 0
37628, N, 49, 91
37661, N, 49, 0
37674, N, 44, 83
37712, N, 44, 0
37716, C, 64, 105
37719, N, 37, 78
37721, N, 71, 88
37721, N, 65, 93
37721, N, 77, 95
37732, C, 64, 6
37745, C, 64, 0
37758, C, 64, 63
37771, C, 64, 127
37772, N, 44, 78
37775, N, 37, 0
37821, N, 49, 83
37835, N, 44, 0
37854, N, 49, 0
37865, N, 56, 78
37892, N, 56, 0
37909, N, 77, 0
37913, N, 75, 107
37913, N, 49, 86
37944, N, 49, 0
37948, N, 75, 0
37958, N, 44, 86
37960, N, 77, 101
37992, N, 77, 0
38001, N, 44, 0
38007, N, 75, 121
38011, N, 37, 80
38017, C, 64, 50
38030, C, 64, 22
38043, C, 64, 127
38052, N, 37, 0
38054, N, 44, 66
38056, N, 75, 0
38064, N, 71, 0
38067, N, 65, 0
38102, N, 65, 93
38104, N, 71, 101
38106, N, 49, 71
38119, N, 44, 0
38126, N, 65, 0
38136, N, 71, 0
38141, N, 49, 0
38150, N, 56, 73
38175, N, 56, 0
38199, N, 49, 82
38204, N, 73, 117
38227, N, 73, 0
38230, N, 49, 0
38247, N, 44, 76
38293, N, 44, 0
38302, N, 37, 73
38304, N, 71, 107
38306, N, 80, 117
38316, C, 64, 56
38328, C, 64, 1
38342, N, 71, 0
38342, C, 64, 102
38343, N, 80, 0
38354, C, 64, 127
38355, N, 37, 0
38355, N, 44, 73
38361, N, 82, 114
38361, N, 73, 114
38385, N, 82, 0
38387, N, 73, 0
38406, N, 49, 85
38409, N, 80, 117
38410, N, 71, 104
38417, N, 44, 0
38430, N, 71, 0
38432, N, 80, 0
38441, N, 49, 0
38451, N, 56, 71
38457, N, 82, 111
38457, N, 73, 127
38472, N, 56, 0
38473, N, 73, 0
38475, N, 82, 0
38492, N, 49, 71
38499, N, 71, 116
38502, N, 80, 117
38520, N, 80, 0
38520, N, 71, 0
38524, N, 49, 0
38536, N, 44, 76
38542, N, 82, 117
38545, N, 73, 127
38562, N, 82, 0
38564, N, 73, 0
38581, N, 44, 0
38583, N, 37, 80
38588, N, 71, 116
38588, N, 80, 125
38599, C, 64, 25
38612, C, 64, 9
38626, C, 64, 124
38631, N, 44, 76
38632, N, 37, 0
38642, N, 71, 0
38642, C, 64, 127
38644, N, 80, 0
38675, N, 49, 82
38692, N, 44, 0
38710, N, 49, 0
38721, N, 56, 85
38748, N, 56, 0
38769, N, 49, 85
38799, N, 49, 0
38814, N, 44, 80
38855, N, 44, 0
38864, N, 37, 80
38865, N, 85, 122
38865, N, 89, 110
38872, C, 64, 46
38885, C, 64, 0
38898, C, 64, 82
38910, C, 64, 127
38919, N, 37, 0
38919, N, 44, 71
38969, N, 49, 76
38986, N, 44, 0
38992, N, 89, 0
38998, N, 85, 0
39005, N, 49, 0
39012, N, 56, 77
39019, N, 87, 119
39020, N, 83, 93
39036, N, 56, 0
39038, N, 83, 0
39042, N, 87, 0
39060, N, 49, 82
39068, N, 83, 107
39071, N, 80, 111
39094, N, 49, 0
39097, N, 83, 0
39100, N, 80, 0
39113, N, 44, 80
39116, N, 77, 121
39116, N, 80, 72
39133, N, 80, 0
39139, N, 77, 0
39153, N, 44, 0
39162, N, 37, 77
39164, N, 77, 99
39166, N, 71, 110
39177, C, 64, 98
39190, C, 64, 5
39201, C, 64, 0
39214, N, 77, 0
39214, N, 44, 71
39215, N, 37, 0
39215, C, 64, 97
39228, C, 64, 127
39259, N, 49, 76
39274, N, 44, 0
39298, N, 49, 0
39305, N, 56, 66
39329, N, 56, 0
39350, N, 78, 107
39351, N, 75, 104
39354, N, 49, 77
39377, N, 75, 0
39378, N, 78, 0
39380, N, 49, 0
39401, N, 44, 71
39442, N, 44, 0
39444, C, 64, 121
39448, N, 37, 71
39450, N, 78, 91
39451, N, 82, 91
39458, C, 64, 30
39471, C, 64, 0
39484, C, 64, 47
39496, C, 64, 127
39506, N, 37, 0
39506, N, 44, 60
39532, N, 71, 0
39536, N, 82, 0
39541, N, 78, 0
39552, N, 49, 62
39568, N, 44, 0
39589, N, 49, 0
39599, N, 56, 65
39621, N, 56, 0
39646, N, 49, 73
39674, N, 49, 0
39691, N, 44, 60
39727, N, 44, 0
39740, N, 37, 54
39744, C, 64, 48
39744, N, 77, 83
39746, N, 80, 91
39760, C, 64, 0
39772, C, 64, 97
39784, N, 37, 0
39785, C, 64, 127
39786, N, 80, 0
39786, N, 77, 0
39789, N, 44, 59
39837, N, 49, 62
39843, N, 44, 0
39871, N, 49, 0
39886, N, 56, 55
39904, N, 56, 0
39935, N, 49, 66
39963, N, 49, 0
39982, N, 44, 62
40020, N, 44, 0
40022, C, 64, 119
40026, N, 73, 97
40027, N, 77, 93
40032, N, 37, 48
40041, C, 64, 13
40054, C, 64, 5
40067, C, 64, 123
40078, N, 37, 0
40079, N, 44, 60
40085, C, 64, 127
40124, N, 49, 62
40140, N, 77, 0
40146, N, 44, 0
40147, N, 73, 0
40154, N, 49, 0
40170, N, 56, 56
40172, N, 71, 95
40174, N, 75, 111
40182, N, 56, 0
40192, N, 75, 0
40193, N, 71, 0
40214, N, 49, 76
40219, N, 71, 88
40221, N, 68, 91
40245, N, 71, 0
40246, N, 49, 0
40248, N, 68, 0
40262, N, 44, 72
40264, N, 68, 80
40272, N, 65, 80
40289, N, 68, 0
40290, N, 65, 0
40301, N, 44, 0
40314, N, 65, 58
40314, N, 37, 70
40320, N, 59, 93
40325, C, 64, 118
40336, C, 64, 19
40349, C, 64, 0
40359, N, 65, 0
40362, C, 64, 70
40364, N, 37, 0
40365, N, 44, 70
40379, C, 64, 127
40415, N, 49, 60
40426, N, 44, 0
40448, N, 49, 0
40463, N, 56, 59
40488, N, 56, 0
40510, N, 63, 88
40512, N, 66, 83
40514, N, 49, 78
40533, N, 66, 0
40534, N, 63, 0
40537, N, 49, 0
40562, N, 44, 73
40604, N, 44, 0
40611, C, 64, 62
40613, N, 66, 80
40613, N, 37, 61
40616, N, 70, 83
40630, C, 64, 0
40655, C, 64, 110
40668, N, 44, 67
40669, C, 64, 127
40671, N, 37, 0
40684, N, 59, 0
40694, N, 70, 0
40702, N, 66, 0
40716, N, 49, 75
40725, N, 44, 0
40746, N, 49, 0
40768, N, 56, 60
40783, N, 56, 0
40817, N, 49, 68
40842, N, 49, 0
40867, N, 44, 58
40912, C, 64, 70
40918, N, 49, 70
40921, N, 65, 76
40922, N, 68, 83
40925, N, 44, 0
40930, C, 64, 13
40942, C, 64, 115
40955, C, 64, 127
40965, N, 49, 0
40977, N, 56, 68
41012, N, 56, 0
41032, N, 61, 65
41064, N, 61, 0
41085, N, 56, 61
41103, N, 68, 0
41104, N, 65, 0
41115, N, 56, 0
41133, N, 49, 58
41166, N, 49, 0
41187, N, 44, 58
41217, C, 64, 71
41230, C, 64, 0
41241, N, 49, 59
41245, C, 64, 32
41252, N, 44, 0
41255, C, 64, 127
41272, N, 49, 0
41288, N, 56, 58
41320, N, 56, 0
41346, N, 61, 50
41368, N, 61, 0
41395, N, 56, 59
41421, N, 56, 0
41445, N, 49, 61
41480, N, 49, 0
41501, N, 44, 53
41537, C, 64, 86
41550, C, 64, 2
41552, N, 49, 54
41567, N, 44, 0
41570, C, 64, 95
41583, C, 64, 127
41594, N, 49, 0
41606, N, 56, 61
41626, N, 56, 0
41664, N, 61, 53
41694, N, 61, 0
41713, N, 56, 63
41748, N, 56, 0
41767, N, 49, 56
41800, N, 49, 0
41822, N, 44, 59
41844, C, 64, 120
41857, C, 64, 14
41870, C, 64, 1
41880, N, 49, 55
41884, C, 64, 107
41892, N, 44, 0
41895, C, 64, 127
41919, N, 49, 0
41930, N, 56, 60
41966, N, 56, 0
41987, N, 61, 59
42018, N, 61, 0
42038, N, 56, 51
42068, N, 56, 0
42090, N, 49, 62
42129, N, 49, 0
42145, N, 44, 53
42172, C, 64, 104
42185, C, 64, 7
42198, C, 64, 2
42205, N, 49, 50
42210, C, 64, 102
42218, N, 44, 0
42223, C, 64, 127
42239, N, 49, 0
42266, N, 56, 44
42281, N, 56, 0
42326, N, 61, 45
42365, N, 61, 0
42378, N, 56, 50
42416, N, 56, 0
42444, N, 49, 57
42472, N, 49, 0
42496, N, 44, 52
42527, N, 44, 0
42556, N, 49, 59
42560, C, 64, 78
42560, N, 77, 70
42561, N, 73, 78
42571, C, 64, 7
42584, C, 64, 96
42589, N, 49, 0
42596, C, 64, 127
42613, N, 56, 62
42651, N, 56, 0
42664, N, 61, 58
42684, N, 77, 0
42700, N, 61, 0
42704, N, 73, 0
42719, N, 56, 60
42750, N, 56, 0
42770, N, 68, 83
42771, N, 75, 91
42775, N, 49, 61
42798, N, 75, 0
42798, N, 68, 0
42801, N, 49, 0
42819, N, 73, 97
42821, N, 44, 55
42824, N, 77, 95
42845, N, 77, 0
42849, N, 44, 0
42856, N, 73, 0
42860, C, 64, 126
42872, C, 64, 28
42874, N, 49, 62
42874, N, 75, 91
42875, N, 68, 91
42892, C, 64, 38
42904, C, 64, 127
42916, N, 49, 0
42930, N, 56, 62
42950, N, 75, 0
42951, N, 68, 0
42967, N, 56, 0
42980, N, 61, 63
43007, N, 61, 0
43025, N, 56, 78
43054, N, 56, 0
43077, N, 65, 78
43081, N, 73, 80
43082, N, 49, 65
43100, N, 65, 0
43104, N, 73, 0
43110, N, 49, 0
43129, N, 44, 58
43156, N, 44, 0
43167, C, 64, 126
43179, N, 49, 63
43180, N, 80, 88
43183, N, 77, 74
43192, C, 64, 19
43202, C, 64, 0
43228, C, 64, 97
43236, N, 49, 0
43239, N, 56, 58
43243, C, 64, 127
43290, N, 56, 0
43293, N, 61, 68
43312, N, 77, 0
43315, N, 80, 0
43321, N, 61, 0
43336, N, 82, 86
43339, N, 78, 78
43343, N, 56, 61
43368, N, 78, 0
43368, N, 82, 0
43373, N, 56, 0
43390, N, 80, 88
43391, N, 77, 83
43391, N, 49, 61
43413, N, 77, 0
43417, N, 80, 0
43421, N, 49, 0
43436, N, 78, 94
43437, N, 44, 60
43442, N, 82, 73
43463, N, 44, 0
43466, N, 82, 0
43468, N, 78, 0
43479, C, 64, 59
43487, N, 49, 67
43489, N, 77, 85
43489, N, 80, 86
43495, C, 64, 0
43506, C, 64, 70
43519, C, 64, 127
43528, N, 49, 0
43541, N, 56, 60
43542, N, 80, 0
43543, N, 77, 0
43576, N, 56, 0
43591, N, 61, 60
43611, N, 61, 0
43647, N, 56, 62
43672, N, 56, 0
43690, N, 49, 61
43721, N, 49, 0
43745, N, 44, 55
43772, N, 44, 0
43787, C, 64, 86
43792, N, 77, 88
43794, N, 49, 67
43794, N, 73, 88
43801, C, 64, 1
43814, C, 64, 0
43827, C, 64, 91
43837, N, 49, 0
43840, C, 64, 127
43849, N, 56, 62
43864, N, 77, 0
43882, N, 73, 0
43891, N, 56, 0
43899, N, 61, 60
43933, N, 61, 0
43949, N, 56, 62
43981, N, 56, 0
43997, N, 68, 88
44001, N, 75, 91
44004, N, 49, 65
44022, N, 68, 0
44023, N, 75, 0
44031, N, 49, 0
44048, N, 44, 60
44048, N, 73, 100
44050, N, 77, 90
44070, N, 77, 0
44072, N, 44, 0
44075, N, 73, 0
44089, C, 64, 65
44093, N, 49, 75
44098, N, 68, 91
44098, N, 75, 88
44112, C, 64, 0
44124, C, 64, 103
44138, C, 64, 127
44141, N, 49, 0
44153, N, 56, 61
44161, N, 75, 0
44164, N, 68, 0
44191, N, 56, 0
44199, N, 61, 70
44228, N, 61, 0
44245, N, 56, 80
44272, N, 56, 0
44293, N, 65, 90
44294, N, 49, 63
44296, N, 73, 97
44312, N, 65, 0
44320, N, 73, 0
44323, N, 49, 0
44338, N, 44, 73
44364, N, 44, 0
44390, N, 49, 70
44394, N, 77, 95
44397, N, 80, 97
44406, C, 64, 24
44419, C, 64, 3
44425, N, 77, 0
44427, N, 80, 0
44432, C, 64, 114
44435, N, 49, 0
44444, C, 64, 127
44446, N, 56, 65
44446, N, 82, 100
44448, N, 78, 91
44478, N, 82, 0
44479, N, 78, 0
44487, N, 56, 0
44495, N, 61, 68
44497, N, 77, 93
44499, N, 80, 100
44520, N, 80, 0
44520, N, 77, 0
44522, N, 61, 0
44543, N, 56, 73
44544, N, 82, 100
44545, N, 78, 100
44572, N, 78, 0
44572, N, 82, 0
44574, N, 56, 0
44589, N, 77, 88
44592, N, 80, 107
44592, N, 49, 63
44609, N, 77, 0
44613, N, 80, 0
44619, N, 49, 0
44635, N, 78, 107
44636, N, 44, 73
44639, N, 82, 91
44661, N, 82, 0
44662, N, 44, 0
44664, N, 78, 0
44672, C, 64, 56
44684, N, 77, 95
44685, N, 49, 70
44685, N, 80, 104
44697, C, 64, 12
44709, C, 64, 106
44724, C, 64, 127
44725, N, 49, 0
44736, N, 56, 67
44772, N, 56, 0
44784, N, 61, 67
44812, N, 61, 0
44834, N, 56, 78
44867, N, 56, 0
44882, N, 80, 0
44883, N, 77, 0
44885, N, 49, 63
44915, N, 49, 0
44931, N, 44, 83
44961, N, 44, 0
44986, C, 64, 113
44995, N, 85, 111
44996, N, 89, 95
44996, N, 49, 70
45008, C, 64, 2
45021, C, 64, 73
45034, C, 64, 127
45046, N, 49, 0
45053, N, 56, 67
45098, N, 56, 0
45109, N, 61, 75
45112, N, 89, 0
45120, N, 85, 0
45137, N, 61, 0
45154, N, 87, 117
45157, N, 80, 104
45163, N, 56, 63
45176, N, 80, 0
45178, N, 87, 0
45191, N, 56, 0
45202, N, 77, 107
45204, N, 85, 125
45208, N, 49, 67
45221, N, 77, 0
45230, N, 85, 0
45238, N, 49, 0
45254, N, 44, 67
45256, N, 77, 98
45256, N, 80, 114
45270, N, 80, 0
45270, N, 77, 0
45284, N, 44, 0
45300, C, 64, 118
45310, N, 77, 101
45311, N, 49, 70
45313, N, 73, 111
45321, C, 64, 36
45332, C, 64, 22
45343, N, 73, 0
45344, N, 77, 0
45345, C, 64, 127
45357, N, 49, 0
45368, N, 56, 75
45412, N, 56, 0
45418, N, 61, 68
45447, N, 61, 0
45468, N, 56, 70
45499, N, 56, 0
45517, N, 49, 70
45517, N, 75, 104
45521, N, 78, 86
45539, N, 75, 0
45544, N, 78, 0
45544, N, 49, 0
45565, N, 44, 60
45593, N, 44, 0
45614, C, 64, 90
45620, N, 49, 70
45622, N, 78, 91
45623, N, 82, 75
45640, C, 64, 0
45651, C, 64, 67
45670, N, 49, 0
45672, C, 64, 127
45680, N, 56, 63
45727, N, 56, 0
45734, N, 61, 65
45763, N, 61, 0
45786, N, 56, 54
45817, N, 56, 0
45835, N, 49, 65
45845, N, 82, 0
45856, N, 78, 0
45868, N, 49, 0
45888, N, 44, 53
45914, N, 44, 0
45941, C, 64, 98
45944, N, 49, 65
45945, N, 77, 88
45946, N, 80, 94
45960, C, 64, 0
45972, C, 64, 79
45985, C, 64, 127
45989, N, 49, 0
46004, N, 56, 65
46044, N, 56, 0
46052, N, 80, 0
46054, N, 77, 0
46059, N, 61, 62
46088, N, 61, 0
46107, N, 56, 61
46142, N, 56, 0
46161, N, 49, 61
46194, N, 49, 0
46211, N, 44, 60
46242, N, 44, 0
46254, C, 64, 126
46265, N, 73, 100
46266, N, 77, 95
46267, N, 49, 73
46275, C, 64, 20
46286, C, 64, 18
46299, C, 64, 125
46312, C, 64, 127
46318, N, 49, 0
46328, N, 56, 61
46351, N, 77, 0
46354, N, 73, 0
46363, N, 56, 0
46386, N, 61, 68
46420, N, 61, 0
46447, N, 56, 55
46474, N, 56, 0
46511, N, 49, 60
46546, N, 49, 0
46565, N, 45, 63
46574, C, 64, 48
46587, C, 64, 0
46599, C, 64, 88
46612, C, 64, 127
46622, N, 49, 60
46644, N, 45, 0
46662, N, 49, 0
46671, N, 57, 64
46709, N, 57, 0
46718, N, 61, 68
46746, N, 61, 0
46767, N, 57, 58
46795, N, 57, 0
46816, N, 49, 68
46848, N, 49, 0
46860, C, 64, 120
46866, N, 44, 63
46872, C, 64, 17
46885, C, 64, 1
46898, C, 64, 108
46910, C, 64, 127
46916, N, 49, 65
46925, N, 44, 0
46948, N, 49, 0
46966, N, 56, 61
47000, N, 56, 0
47010, N, 61, 61
47038, N, 61, 0
47062, N, 56, 70
47088, N, 56, 0
47102, N, 49, 50
47136, N, 49, 0
47148, N, 42, 70
47154, C, 64, 123
47167, C, 64, 24
47180, C, 64, 14
47193, C, 64, 125
47197, N, 42, 0
47199, N, 49, 68
47206, C, 64, 127
47235, N, 49, 0
47247, N, 54, 65
47274, N, 54, 0
47290, N, 61, 70
47324, N, 61, 0
47334, N, 54, 65
47373, N, 54, 0
47380, N, 49, 75
47417, N, 49, 0
47428, N, 44, 62
47436, C, 64, 32
47449, C, 64, 0
47462, C, 64, 47
47474, C, 64, 127
47477, N, 49, 67
47484, N, 44, 0
47510, N, 49, 0
47524, N, 56, 63
47562, N, 56, 0
47574, N, 61, 53
47597, N, 61, 0
47624, N, 56, 73
47649, N, 56, 0
47669, N, 49, 67
47714, N, 49, 0
47718, C, 64, 104
47720, N, 45, 66
47731, C, 64, 4
47744, C, 64, 0
47756, C, 64, 88
47769, C, 64, 127
47770, N, 49, 59
47787, N, 45, 0
47811, N, 49, 0
47823, N, 57, 68
47852, N, 57, 0
47870, N, 61, 55
47892, N, 61, 0
47921, N, 57, 72
47949, N, 57, 0
47972, N, 49, 59
48010, N, 49, 0
48025, C, 64, 84
48028, N, 45, 64
48037, C, 64, 0
48063, C, 64, 99
48076, C, 64, 127
48082, N, 49, 62
48096, N, 45, 0
48129, N, 49, 0
48142, N, 57, 52
48187, N, 57, 0
48205, N, 61, 53
48237, N, 61, 0
48281, N, 57, 45
48308, N, 57, 0
48355, N, 49, 56
48368, N, 49, 0
48448, C, 64, 124
48453, N, 46, 55
48460, C, 64, 25
48474, C, 64, 3
48486, C, 64, 105
48499, C, 64, 127
48560, N, 49, 50
48564, N, 82, 68
48575, N, 46, 0
48611, N, 49, 0
48674, N, 84, 83
48675, N, 53, 51
48726, N, 53, 0
48749, N, 61, 59
48750, N, 85, 94
48751, N, 84, 0
48778, N, 82, 0
48788, N, 61, 0
48812, N, 85, 0
48819, N, 81, 78
48820, N, 58, 58
48881, N, 81, 0
48893, N, 65, 51
48894, N, 82, 73
48910, N, 65, 0
48922, N, 58, 0
48981, N, 53, 52
48989, N, 78, 58
49000, N, 53, 0
49002, N, 82, 0
49066, C, 64, 121
49079, C, 64, 20
49085, N, 78, 0
49089, N, 77, 72
49091, N, 46, 51
49092, C, 64, 0
49108, C, 64, 49
49120, C, 64, 127
49137, N, 46, 0
49173, N, 53, 60
49230, N, 53, 0
49230, N, 77, 0
49247, N, 61, 62
49252, N, 77, 74
49277, N, 61, 0
49315, N, 58, 57
49329, N, 77, 0
49386, N, 65, 55
49390, N, 77, 85
49396, N, 58, 0
49400, N, 65, 0
49457, N, 53, 70
49469, N, 53, 0
49470, N, 77, 0
49544, C, 64, 73
49545, N, 77, 80
49545, N, 46, 57
49556, C, 64, 0
49569, C, 64, 8
49581, C, 64, 115
49594, C, 64, 127
49606, N, 46, 0
49632, N, 53, 54
49651, N, 53, 0
49706, N, 77, 0
49712, N, 78, 75
49716, N, 63, 52
49749, N, 63, 0
49778, N, 77, 88
49783, N, 78, 0
49784, N, 57, 59
49827, N, 77, 0
49837, N, 65, 61
49840, N, 75, 94
49849, N, 57, 0
49859, N, 65, 0
49894, N, 75, 0
49895, N, 53, 72
49897, N, 72, 78
49907, N, 53, 0
49949, N, 72, 0
49956, C, 64, 36
49959, N, 73, 80
49959, N, 46, 58
49969, C, 64, 0
49982, C, 64, 25
49994, C, 64, 127
50003, N, 46, 0
50030, N, 53, 51
50031, N, 73, 0
50088, N, 53, 0
50097, N, 61, 56
50126, N, 61, 0
50167, N, 58, 50
50245, N, 70, 80
50249, N, 65, 50
50262, N, 65, 0
50262, N, 70, 0
50265, N, 58, 0
50327, N, 53, 61
50345, N, 53, 0
50405, C, 64, 99
50413, N, 82, 86
50413, N, 46, 63
50418, C, 64, 4
50430, C, 64, 0
50443, C, 64, 70
50456, C, 64, 127
50477, N, 46, 0
50507, N, 84, 88
50508, N, 53, 64
50564, N, 53, 0
50574, N, 84, 0
50574, N, 85, 100
50578, N, 61, 65
50605, N, 82, 0
50609, N, 61, 0
50623, N, 85, 0
50635, N, 58, 61
50636, N, 81, 95
50678, N, 81, 0
50695, N, 84, 88
50695, N, 65, 63
50717, N, 65, 0
50726, N, 58, 0
50745, N, 82, 80
50757, N, 84, 0
50774, N, 53, 64
50796, N, 53, 0
50796, N, 78, 80
50803, N, 82, 0
50831, C, 64, 125
50836, N, 78, 0
50837, N, 77, 83
50841, N, 46, 59
50847, C, 64, 33
50860, C, 64, 15
50872, C, 64, 120
50877, N, 46, 0
50885, C, 64, 127
50888, N, 78, 75
50901, N, 77, 0
50912, N, 53, 66
50936, N, 78, 0
50936, N, 76, 74
50974, N, 53, 0
50982, N, 76, 0
50984, N, 77, 93
50994, N, 61, 60
51000, N, 77, 0
51028, N, 61, 0
51045, N, 101, 95
51084, N, 58, 53
51108, N, 101, 0
51115, N, 100, 93
51166, N, 99, 97
51167, N, 65, 61
51171, N, 100, 0
51186, N, 65, 0
51194, N, 58, 0
51209, N, 97, 91
51218, N, 99, 0
51240, N, 53, 72
51247, N, 96, 80
51251, N, 97, 0
51268, N, 53, 0
51272, N, 96, 0
51282, N, 94, 91
51308, N, 46, 62
51312, N, 93, 88
51325, N, 94, 0
51337, N, 93, 0
51340, N, 90, 91
51343, N, 46, 0
51362, N, 89, 101
51366, N, 90, 0
51380, N, 53, 56
51383, N, 88, 90
51385, N, 89, 0
51404, N, 87, 111
51406, N, 88, 0
51431, N, 85, 117
51432, N, 87, 0
51440, N, 53, 0
51447, N, 84, 85
51448, N, 63, 73
51453, N, 85, 0
51466, N, 84, 0
51476, N, 63, 0
51476, N, 82, 104
51497, N, 82, 0
51499, N, 81, 101
51502, N, 57, 61
51515, N, 81, 0
51523, N, 78, 104
51545, N, 78, 0
51545, N, 77, 90
51556, N, 65, 53
51564, N, 77, 0
51576, N, 65, 0
51576, N, 78, 78
51582, N, 57, 0
51586, N, 78, 0
51586, N, 76, 95
51608, N, 76, 0
51620, N, 77, 83
51629, N, 53, 70
51647, N, 71, 93
51652, N, 77, 0
51664, N, 53, 0
51671, N, 71, 0
51674, N, 72, 88
51700, N, 72, 0
51700, N, 77, 95
51727, N, 75, 97
51735, N, 77, 0
51740, N, 73, 96
51751, N, 75, 0
51758, N, 73, 0
51765, N, 46, 68
51770, N, 73, 86
51777, C, 64, 93
51788, C, 64, 0
51801, C, 64, 88
51813, C, 64, 127
51838, N, 73, 0
51852, N, 46, 0
51864, N, 53, 60
51918, N, 53, 0
51937, N, 61, 56
51965, N, 61, 0
52000, N, 58, 56
52083, N, 70, 97
52083, N, 65, 54
52098, N, 65, 0
52108, N, 58, 0
52163, N, 53, 56
52176, N, 53, 0
52213, N, 70, 0
52248, N, 46, 54
52252, N, 82, 97
52252, C, 64, 42
52270, C, 64, 0
52294, C, 64, 81
52307, C, 64, 127
52335, N, 46, 0
52345, N, 53, 58
52369, N, 82, 0
52403, N, 53, 0
52422, N, 82, 94
52424, N, 61, 61
52452, N, 61, 0
52478, N, 82, 0
52487, N, 58, 61
52550, N, 82, 97
52550, N, 65, 59
52563, N, 65, 0
52571, N, 58, 0
52607, N, 53, 68
52620, N, 53, 0
52629, N, 82, 0
52676, N, 46, 67
52678, N, 82, 94
52681, C, 64, 56
52692, C, 64, 0
52704, C, 64, 52
52713, N, 46, 0
52717, C, 64, 127
52745, N, 53, 66
52769, N, 53, 0
52812, N, 62, 66
52852, N, 62, 0
52879, N, 58, 67
52917, N, 58, 0
52964, N, 68, 59
52966, N, 74, 101
52967, N, 82, 0
52982, N, 68, 0
53038, N, 58, 68
53047, N, 58, 0
53064, N, 74, 0
53127, C, 64, 123
53132, N, 51, 63
53136, N, 75, 88
53141, C, 64, 23
53152, C, 64, 0
53165, C, 64, 30
53178, C, 64, 127
53218, N, 54, 53
53220, N, 77, 83
53223, N, 75, 0
53237, N, 51, 0
53271, N, 75, 80
53282, N, 54, 0
53286, N, 77, 0
53289, N, 63, 65
53321, N, 74, 78
53323, N, 75, 0
53324, N, 63, 0
53353, N, 58, 59
53368, N, 75, 88
53374, N, 74, 0
53408, N, 58, 0
53422, N, 78, 100
53424, N, 66, 60
53439, N, 75, 0
53458, N, 66, 0
53514, N, 63, 68
53526, N, 63, 0
53535, N, 78, 0
53565, N, 77, 95
53598, N, 77, 0
53616, N, 48, 58
53617, C, 64, 108
53621, N, 77, 68
53630, C, 64, 10
53643, C, 64, 2
53655, C, 64, 98
53668, C, 64, 127
53698, N, 48, 0
53700, N, 55, 51
53751, N, 55, 0
53768, N, 64, 63
53804, N, 64, 0
53836, N, 60, 63
53860, N, 60, 0
53908, N, 76, 85
53912, N, 70, 60
53916, N, 77, 0
53921, N, 76, 0
53927, N, 70, 0
53986, N, 64, 60
54000, N, 64, 0
54040, C, 64, 120
54051, N, 53, 64
54054, C, 64, 23
54061, N, 77, 68
54066, C, 64, 30
54078, C, 64, 126
54088, N, 78, 78
54089, N, 77, 0
54091, C, 64, 127
54107, N, 78, 0
54110, N, 77, 70
54119, N, 60, 64
54127, N, 78, 82
54133, N, 77, 0
54138, N, 53, 0
54144, N, 60, 0
54151, N, 78, 0
54151, N, 77, 85
54167, N, 78, 83
54177, N, 69, 78
54180, N, 77, 0
54194, N, 77, 93
54199, N, 78, 0
54211, N, 76, 97
54213, N, 69, 0
54221, N, 77, 0
54245, N, 63, 86
54259, N, 76, 0
54262, N, 77, 110
54302, N, 77, 0
54302, N, 79, 104
54320, N, 72, 66
54345, N, 81, 110
54351, N, 72, 0
54362, N, 63, 0
54386, N, 79, 0
54390, N, 82, 100
54401, N, 81, 0
54409, N, 65, 70
54429, N, 82, 0
54439, N, 65, 0
54440, N, 84, 104
54493, N, 84, 0
54504, N, 85, 117
54506, N, 46, 68
54517, C, 64, 56
54529, C, 64, 0
54542, C, 64, 103
54556, C, 64, 127
54564, N, 46, 0
54590, N, 85, 0
54598, N, 53, 72
54650, N, 53, 0
54661, N, 61, 75
54690, N, 61, 0
54718, N, 58, 73
54769, N, 58, 0
54775, N, 82, 100
54776, N, 51, 75
54784, C, 64, 78
54796, C, 64, 0
54808, C, 64, 83
54812, N, 51, 0
54820, N, 78, 94
54822, C, 64, 127
54837, N, 82, 0
54848, N, 66, 88
54849, N, 78, 0
54860, N, 66, 0
54864, N, 70, 100
54908, N, 70, 0
54921, N, 73, 114
54923, C, 64, 94
54930, N, 41, 44
54936, C, 64, 1
54949, C, 64, 0
54962, C, 64, 67
54975, C, 64, 127
55009, N, 53, 52
55012, N, 41, 0
55067, N, 53, 0
55085, N, 58, 54
55160, N, 65, 45
55161, N, 58, 0
55186, N, 65, 0
55242, N, 63, 61
55246, N, 73, 0
55246, N, 72, 74
55282, C, 64, 108
55295, C, 64, 6
55308, C, 64, 0
55321, C, 64, 87
55334, C, 64, 127
55347, N, 63, 0
55355, N, 57, 54
55379, N, 57, 0
55396, N, 72, 0
55405, N, 70, 97
55462, N, 46, 70
55462, C, 64, 93
55474, C, 64, 2
55488, C, 64, 14
55499, C, 64, 127
55520, N, 70, 0
55522, N, 89, 104
55539, N, 46, 0
55556, N, 53, 63
55557, N, 89, 0
55612, N, 53, 0
55628, N, 61, 78
55658, N, 61, 0
55687, N, 58, 73
55694, N, 85, 94
55750, N, 58, 0
55755, N, 51, 83
55757, C, 64, 69
55760, N, 82, 91
55769, C, 64, 0
55782, C, 64, 22
55794, N, 51, 0
55794, C, 64, 124
55803, N, 78, 100
55808, C, 64, 127
55811, N, 85, 0
55819, N, 82, 0
55827, N, 66, 88
55833, N, 78, 0
55849, N, 66, 0
55857, N, 70, 80
55897, N, 70, 0
55909, C, 64, 126
55914, N, 73, 100
55916, N, 41, 57
55923, C, 64, 27
55935, C, 64, 0
55961, C, 64, 84
55974, C, 64, 127
55993, N, 41, 0
55997, N, 53, 66
56046, N, 53, 0
56074, N, 58, 59
56152, N, 58, 0
56152, N, 65, 59
56180, N, 65, 0
56235, N, 63, 65
56244, N, 73, 0
56245, N, 72, 72
56256, C, 64, 94
56268, C, 64, 2
56282, C, 64, 0
56294, C, 64, 90
56307, C, 64, 127
56321, N, 63, 0
56340, N, 57, 64
56363, N, 57, 0
56385, N, 72, 0
56392, N, 70, 91
56440, N, 70, 0
56464, N, 42, 75
56473, C, 64, 120
56486, C, 64, 18
56499, C, 64, 4
56511, C, 64, 113
56525, C, 64, 127
56531, N, 97, 100
56555, N, 42, 0
56569, N, 97, 0
56571, N, 49, 58
56656, N, 49, 0
56665, N, 94, 104
56665, N, 54, 58
56735, N, 90, 97
56744, N, 54, 0
56752, N, 94, 0
56772, N, 58, 58
56776, N, 90, 0
56796, N, 85, 97
56817, N, 85, 0
56857, N, 64, 64
56858, N, 82, 80
56878, N, 58, 0
56885, N, 64, 0
56907, N, 78, 73
56913, N, 82, 0
56926, N, 78, 0
56931, N, 54, 59
56943, N, 54, 0
56961, N, 70, 65
56989, N, 70, 0
57012, C, 64, 110
57015, N, 51, 57
57016, N, 71, 78
57025, C, 64, 8
57037, C, 64, 0
57050, C, 64, 81
57063, C, 64, 127
57090, N, 54, 54
57107, N, 71, 0
57113, N, 51, 0
57148, N, 54, 0
57164, N, 59, 44
57182, N, 59, 0
57242, N, 63, 59
57281, N, 63, 0
57319, N, 53, 40
57328, N, 69, 78
57332, C, 64, 61
57345, C, 64, 0
57370, C, 64, 87
57383, C, 64, 127
57414, N, 63, 68
57416, N, 53, 0
57424, N, 63, 0
57444, N, 69, 0
57512, C, 64, 98
57517, N, 46, 60
57519, N, 70, 73
57524, C, 64, 6
57537, C, 64, 21
57550, C, 64, 123
57562, C, 64, 127
57590, N, 46, 0
57613, N, 53, 51
57657, N, 53, 0
57683, N, 61, 60
57710, N, 61, 0
57747, N, 58, 56
57817, N, 65, 59
57830, N, 65, 0
57839, N, 58, 0
57887, N, 53, 68
57898, N, 53, 0
57911, N, 70, 0
57960, C, 64, 122
57968, N, 46, 58
57973, C, 64, 19
57974, N, 71, 93
57986, C, 64, 0
57997, C, 64, 82
58011, C, 64, 127
58037, N, 46, 0
58050, N, 54, 56
58106, N, 54, 0
58121, N, 63, 63
58153, N, 63, 0
58184, N, 57, 64
58223, N, 57, 0
58232, N, 71, 0
58261, N, 66, 70
58263, N, 69, 76
58282, N, 66, 0
58340, N, 57, 70
58349, N, 57, 0
58367, N, 69, 0
58419, N, 46, 61
58422, C, 64, 88
58429, N, 70, 78
58434, C, 64, 2
58446, C, 64, 0
58471, C, 64, 57
58484, C, 64, 127
58496, N, 46, 0
58519, N, 53, 50
58567, N, 53, 0
58589, N, 61, 49
58606, N, 61, 0
58651, N, 58, 56
58664, N, 70, 0
58721, N, 65, 40
58733, N, 65, 0
58742, N, 58, 0
58788, N, 53, 61
58801, N, 53, 0
58862, N, 46, 65
58869, C, 64, 39
58881, C, 64, 0
58883, N, 71, 70
58894, C, 64, 85
58908, C, 64, 127
58912, N, 46, 0
58920, N, 75, 86
58927, N, 71, 0
58948, N, 54, 65
58956, N, 78, 107
58969, N, 75, 0
58980, N, 78, 0
58996, N, 83, 104
59010, N, 54, 0
59022, N, 83, 0
59043, N, 63, 60
59044, N, 87, 117
59077, N, 63, 0
59139, N, 57, 61
59262, N, 66, 58
59266, N, 57, 0
59276, N, 66, 0
59277, N, 87, 0
59390, N, 53, 51
59391, N, 81, 74
59396, C, 64, 47
59407, C, 64, 0
59420, C, 64, 7
59433, C, 64, 114
59446, C, 64, 127
59456, N, 53, 0
59530, N, 81, 0
59534, N, 82, 78
59536, C, 64, 99
59538, N, 46, 55
59548, C, 64, 8
59561, C, 64, 32
59574, C, 64, 127
59593, N, 46, 0
59649, N, 53, 47
59705, N, 53, 0
59734, N, 61, 59
59768, N, 61, 0
59814, N, 58, 52
59901, N, 65, 53
59909, N, 82, 0
59911, N, 58, 0
59918, N, 65, 0
59990, N, 53, 68
60004, N, 53, 0
60086, C, 64, 103
60087, N, 46, 59
60099, C, 64, 5
60101, N, 87, 104
60102, N, 90, 97
60112, C, 64, 0
60125, C, 64, 80
60137, C, 64, 127
60169, N, 46, 0
60197, N, 54, 67
60273, N, 54, 0
60274, N, 57, 74
60315, N, 57, 0
60340, N, 59, 83
60358, N, 59, 0
60406, N, 63, 83
60473, N, 66, 91
60503, N, 63, 0
60549, N, 69, 85
60555, N, 66, 0
60559, N, 90, 0
60567, N, 87, 0
60595, N, 69, 0
60632, N, 83, 74
60633, N, 87, 107
60657, N, 87, 0
60664, N, 83, 0
60724, N, 83, 76
60727, N, 81, 98
60746, N, 83, 0
60752, N, 81, 0
60792, N, 78, 91
60793, N, 81, 78
60810, N, 81, 0
60812, N, 78, 0
60853, N, 75, 100
60853, N, 78, 86
60871, N, 75, 0
60875, N, 78, 0
60917, N, 75, 91
60918, N, 71, 88
60938, N, 71, 0
60938, N, 75, 0
60981, N, 71, 74
60983, N, 69, 74
60998, N, 69, 0
60998, N, 71, 0
61046, N, 69, 57
61046, N, 66, 78
61064, N, 69, 0
61069, N, 66, 0
61111, N, 66, 65
61113, N, 63, 88
61125, N, 63, 0
61126, N, 66, 0
61179, N, 63, 83
61180, N, 59, 80
61200, N, 63, 0
61202, N, 59, 0
61260, N, 59, 78
61261, N, 57, 80
61276, N, 57, 0
61276, N, 59, 0
61345, N, 54, 75
61346, N, 63, 78
61350, N, 57, 72
61365, N, 57, 0
61365, N, 63, 0
61368, N, 54, 0
61445, C, 64, 116
61450, N, 46, 57
61450, N, 53, 74
61452, N, 58, 67
61453, N, 34, 53
61454, N, 62, 64
61460, C, 64, 15
61473, C, 64, 0
61499, C, 64, 60
61512, C, 64, 127
61637, N, 53, 0
61652, N, 62, 0
61654, N, 58, 0
61664, N, 46, 0
61670, N, 34, 0
61851, N, 58, 65
61855, N, 46, 56
61856, N, 34, 59
61859, N, 62, 60
61860, N, 53, 52
61868, C, 64, 70
61880, C, 64, 0
61905, C, 64, 105
61918, C, 64, 127
61962, N, 53, 0
61964, N, 62, 0
61967, N, 46, 0
61974, N, 58, 0
61975, N, 34, 0
62083, N, 34, 65
62083, N, 58, 67
62085, N, 53, 68
62085, N, 46, 55
62086, N, 62, 72
62089, C, 64, 51
62101, C, 64, 0
62126, C, 64, 59
62139, C, 64, 127
62159, N, 53, 0
62166, N, 58, 0
62172, N, 62, 0
62177, N, 46, 0
62181, N, 34, 0
62306, C, 64, 86
62311, N, 34, 56
62311, N, 46, 50
62313, N, 54, 79
62314, N, 58, 65
62318, N, 62, 63
62321, C, 64, 0
62450, N, 54, 0
62455, N, 53, 59
62514, C, 64, 60
62527, C, 64, 127
62564, N, 46, 0
62573, N, 34, 0
62619, N, 53, 0
62632, N, 62, 0
62642, N, 58, 0
62679, N, 34, 60
62705, C, 64, 70
62719, C, 64, 0
62731, C, 64, 62
62744, C, 64, 127
62752, N, 50, 45
62810, N, 53, 54
62876, N, 58, 53
62981, N, 62, 32
63961, C, 64, 101
63974, C, 64, 14
63987, C, 64, 0
64558, N, 62, 0
64669, N, 58, 0
64722, N, 53, 0
64767, N, 50, 0
64859, N, 34, 0
64859, E, 34, 0
